1.8094135982800588 -9.115022436597167 0
1.9090396566150285 -4.546252863932326 0
3.7915386649563847 -2.4835097549764384 0
2.7066326152261335 -6.493829332107137 0
2.347235242072932 -4.174631285123796 0
2.708322690039155 -4.990703139308632 0
1.807478739789539 -5.3756357149019385 0
1.5374933640387531 -6.456852752227561 0
2.290951490913984 -5.559554870664672 0
3.157078179140475 -6.527860011609927 0
1.563348650487832 -3.359237684357743 0
2.6577907189413765 -4.214416657824415 0
1.3032761111491453 -7.250905267239648 0
3.036467354820185 -8.22669748769919 0
3.1253476688402717 -3.50797803005774 0
3.1970113023915663 -5.24547966810957 0
2.6764497499954447 -2.6647786367700896 0
4.257845047289951 -3.5475643654306426 0
3.30495175687041 -5.448951722096841 0
2.6083873913016933 -6.514384399707607 0
1.6502536115272382 -3.7512993932974754 0
1.9006495572819566 -6.002141821839282 0
1.6536007164322069 -3.1864146140785476 0
2.582358419355622 -5.36573687911924 0
2.190380629579292 -4.298771103542696 0
1.513419100371474 -2.536835150098774 0
2.0417935415149517 -3.9468158818463563 0
2.3829769502830467 -7.928366560223423 0
2.5717052565191514 -4.695226231195452 0
1.6521978101739652 -7.922120676363979 0
2.0236862414756454 -5.166509475042867 0
2.2919190817279307 -9.599789202242329 0
2.0307659070979804 -4.840367719731365 0
1.826590409232483 -6.410464518551806 0
2.5781066172958 -6.561519241296589 0
1.295691359925328 -4.574211338019026 0
2.0407937381541865 -5.917064264494119 0
2.708568159239781 -5.038291904745227 0
1.7720430544222296 -4.901151056209124 0
1.143696734512679 -5.473844144992773 0
1.713325668256359 -2.958232103472901 0
1.9636947347440838 -4.26926553922394 0
1.1921195042463972 -4.1482288752369865 0
2.6729150885510125 -7.377754715916248 0
2.8456802648106043 -6.037240111096245 0
1.0128585565134491 -5.538501654315666 0
2.7686218336903416 -1.8011287145363313 0
1.5856629692719997 -5.688335208523533 0
2.702133264991914 -4.0592674598879235 0
1.6334242447478644 -6.415354845160754 0
2.8183591523427682 -8.9570896527209 0
1.431058866574583 -4.47517523723445 0
1.9117419563553462 -2.72522734864818 0
1.9420648359730284 -4.997948711753498 0
2.2636518562835133 -4.733616375045876 0
2.329106837762613 -4.16224665791216 0
1.9866667224550039 -5.408184578791348 0
1.501261247934553 -4.065999925959915 0
1.6689744506473856 -3.329218216306777 0
3.040353522934663 -6.468273795686272 0
-12.428010019897552 -7.262503304626035 1
-9.432515168712948 -7.126667068144429 1
-5.154223684887016 -8.130154095476042 1
-7.179217928633394 -8.105948756728084 1
-7.5874856188507716 -7.174551576907603 1
-8.830877907745759 -7.394030849482529 1
-5.899098362838376 -8.773566138820264 1
-6.125203104381278 -9.15052840836928 1
-11.197183228224747 -8.059550532362842 1
-5.102460796752016 -7.776867893676521 1
-7.278685469054612 -8.25931305665788 1
-7.430270690444055 -6.332213847537009 1
-8.825849778738231 -7.619528606906854 1
-5.110003736099569 -6.609100667910038 1
-8.663221941529612 -7.578688218042028 1
-7.750471364149582 -6.755863482706009 1
-9.054996097027283 -8.759420183849667 1
-8.371339659311467 -8.008246186797715 1
-6.04417747535398 -6.375524659593846 1
-11.117762786087054 -6.612251980618472 1
-5.704785411070903 -7.8771794628860174 1
-10.524873364923183 -8.717913826059833 1
-5.853985446358374 -7.9709445905024126 1
-7.770786444693313 -7.819129583155612 1
-7.972544152177184 -6.838209842427254 1
-3.883690042648608 -6.62918445856721 1
-8.149261406895485 -7.311727680885822 1
-6.862216053438509 -7.7030388947209225 1
-10.790499409746051 -6.001984344655173 1
-12.839329759960638 -8.936917234562252 1
-10.415712526335927 -7.669570088529201 1
-7.418174924881466 -7.295503280817792 1
-11.10404127233754 -8.361494139616681 1
-9.222317749132229 -7.5885315850312836 1
-11.44108711365429 -6.700025400905241 1
-8.510676131636961 -8.721767900167897 1
-10.33854135715919 -7.944934291797717 1
-7.421074001029414 -7.969136290535663 1
-7.920846867565562 -9.518137521443796 1
-11.016998721469378 -7.136671256815717 1
-12.341982554010816 -8.360836445692621 1
-8.332239223330252 -7.724024902466282 1
-8.139228187705152 -8.860556721170036 1
-11.027415939834308 -7.426233324787942 1
-8.916226974472591 -9.4357643720413 1
-6.440499298598966 -7.060553617926999 1
-4.461717162520657 -7.869704514886289 1
-7.812253242427173 -7.881804999910638 1
-7.847672438276721 -7.377509401375624 1
-4.738107312631856 -7.281943050856496 1
-7.146851649082553 -5.39034511203648 1
-11.698502057902411 -6.013529817608194 1
-9.505598188825516 -6.713809867375695 1
-7.103468058030958 -7.84615944300027 1
-7.0073072075752805 -8.686123625071303 1
-9.786956722516418 -7.863174069886706 1
-8.699336495060527 -8.287529687182651 1
-8.372495254770628 -7.995421540966307 1
-10.342603526764622 -6.608127996762254 1
-5.914768450946473 -6.356202248929656 1
4.897504376505357 2.5633858111931325 2
8.461965655880618 -0.4581028190921259 2
5.504014922775813 -2.883778241974495 2
1.8366485493568963 -3.6257493592923664 2
2.882910963822522 -4.581575360711752 2
6.246087159246114 -5.238391591299903 2
4.465634763267582 -3.62201590640052 2
14.276346863325317 -3.6847752782400933 2
3.8308498939183773 -4.454759959820299 2
16.504590268096912 -1.5378210240494974 2
7.993135027376605 -4.876297762402734 2
2.0357264551409067 0.8686280970185716 2
8.088517975356105 2.897805101265984 2
7.186813687520359 -5.384802702110803 2
5.462303451391798 -8.605099055776012 2
10.815747622070784 -2.244337192367702 2
5.862746387432428 -2.6677704641899815 2
3.156266999607174 -7.224905663408148 2
2.561650217842222 -5.118617277817768 2
9.362588373996743 -1.8064368683706191 2
4.464769606077171 -4.365424169872179 2
5.662380112904059 -1.640611692906971 2
-1.5212904081124137 -8.804022243492664 2
8.856510628028369 -2.442853445930771 2
2.475645151840532 -0.5361060878946766 2
7.006649246615377 -3.7063736734562505 2
1.0049135722179914 -2.9625455929711384 2
4.738985912932991 -4.247698664600315 2
4.605621306019026 -6.823094234272146 2
2.671603512409726 -6.03720810393644 2
8.126220605581773 -0.6952236474339215 2
0.11789652393347616 -0.23627655219090737 2
10.342692941084735 -1.9301016789274468 2
11.544829407581004 -0.8126691467214147 2
6.678318819346654 -3.572642400598958 2
8.179395832324234 -5.578928376366373 2
5.456441391494148 -8.180899271367455 2
2.9915470882611506 -3.2872867685256795 2
4.579093964281222 -0.050254195441731486 2
4.697997164184715 -4.515520739977727 2
5.896035695460741 0.017369469549280314 2
-2.3546937146064124 0.5350649057218759 2
8.113983740108187 -3.507502327545934 2
9.236675658720783 -0.7977511158458093 2
4.973181998624624 -0.07863012603766917 2
0.23206307421824768 -7.085004536594996 2
0.008276594632841139 -4.366568251156477 2
5.58674217547668 -3.3718132724940135 2
2.7456525736625865 -1.2755449141578576 2
11.04676245231014 -1.840562623099919 2
7.116372148610769 -2.477557667731885 2
5.352263195104139 1.2262787685650478 2
2.4235212905446293 -5.042140646610305 2
1.7317492748844705 -1.4861372163466433 2
8.479520468552384 -3.4489497002735874 2
0.7204612366986964 -0.20753409265409406 2
7.167855069778934 -4.844354525808349 2
8.427220514110044 -8.387506071006255 2
3.4139144367070022 0.7921278251793975 2
6.429563431958844 -8.516680255076164 2
