-6.368869408331992 0.5048301881516581 10.15535852012277 0
-4.257548312705351 2.440347208483726 9.04016227254991 0
-8.883664492702085 2.5677837677213313 9.718590048902414 0
-5.363254152746645 2.055030518812594 10.087945463615858 0
-2.643930354046043 5.563079904124963 9.334623996706252 0
0.1812749233575488 -1.4465983046166122 6.954006658903052 0
-10.678531825041567 1.6501726826236784 11.138668406835034 0
-7.611246408758835 5.227201776231211 9.201324345038962 0
-10.40541348383714 4.416940220210227 8.95772594568211 0
-7.969206568038613 1.0749117392605245 11.410837783130802 0
-6.481041963062704 2.296253829444989 7.261054600881262 0
-7.24713091654567 0.15587561941856598 8.784970454359915 0
-4.943599499950795 2.8197788207762597 12.055728408690959 0
-8.714971755502555 -2.066364169987353 9.420622165697479 0
-7.63897149788461 3.9782756348802115 9.274991139449085 0
-4.205429823344341 1.93610515013276 9.019639949355051 0
-5.525482068557482 1.2803153636826727 11.304862387310996 0
-7.337279270516014 3.978117999401381 7.725102337540621 0
-12.55841310083526 1.0923098346276916 9.182964530660271 0
-5.188543608305162 0.29975830565504125 10.389396971626377 0
-5.788993660597507 7.162129563602675 10.729680415169476 0
-9.863014428676943 -2.7637161426962322 8.111434342820393 0
-11.175254299695595 0.9133441813663647 7.908865047009712 0
-10.235207915914408 2.5739480977511793 9.191816039337741 0
-8.280618618290735 4.045596600631207 9.158970291593192 0
-12.85372382493335 3.2127757138722073 7.989292726692604 0
-7.294500305596734 5.19554209871583 11.032640032455774 0
-8.177700461570383 6.5982020785318465 10.05146131561374 0
-10.721537576326678 0.04087348713887318 8.838325579473533 0
1.5175460321125236 1.3527580147718994 10.46814519660923 0
-8.542691877796099 3.2808835379880454 8.627163893406664 0
-0.2946398932291716 2.9514454856866306 10.687208416576755 0
-8.7601379379614 1.3409222413206034 9.304237665442905 0
-3.115976644770998 -1.859857911463635 9.572047293779322 0
-6.884703967284253 0.04243903059805776 7.124154248835788 0
-8.752633303048004 4.8381884082163635 10.262682596135987 0
-5.353222061306714 0.2874446500297363 10.779658032566156 0
-9.782947142952585 -1.237689063724274 8.243230506436678 0
-6.718362528782613 2.4593925199035573 9.719683029475771 0
-8.624610202265227 4.066442847663852 8.973381896358886 0
-8.931944309414384 -0.5074529512965089 9.116013725622592 0
-6.67172963378026 4.047255453754198 7.039813204737438 0
-8.783924096261321 -2.2832284066568804 8.311124646002874 0
-4.5694820861266905 0.11037443895194587 10.145191328859973 0
-7.244768190990289 -2.056961172401925 9.04879275960434 0
-9.047524625473336 2.5026632117191685 9.304187758133219 0
-5.974944259726226 3.4069842420380603 9.33808114475805 0
-7.897262578415049 2.0824732668808035 9.237312533445282 0
2.9674949579011116 1.143647608163226 8.169197683694154 0
-9.06324094780673 7.233882871772505 9.37827085051564 0
-9.76233751153415 5.53485842357146 9.792331188933838 0
-7.288119801135839 -3.691351405695891 8.468406429638424 0
-12.265193681423764 3.8908887104694503 9.252688899179091 0
-5.137905882312798 2.388935326157056 9.73081407985323 0
-9.579503323176027 -1.296243671607749 10.58922738443983 0
-9.472275314452315 -3.413264338453817 11.406385790082847 0
-9.137232174487064 -3.4100503610005646 8.367623867599194 0
-1.8847791380502246 6.243814001647677 9.926611128616829 0
-9.47721520201296 6.899995256255858 10.166529120736097 0
-9.166780079618311 -2.346064895608171 11.182084539351322 0
-5.500749337996444 3.668589648255498 9.421538441273807 0
-9.953619576461893 0.895333115455655 11.131346572219035 0
-7.45390278628789 1.31389803958105 8.766610910726962 0
-2.4644704175293244 2.3884792561435564 7.126828996725928 0
-6.730739579211118 -0.4879303120944565 8.376511781133237 0
-6.06429972624619 4.901994816652718 7.921611974454085 0
-9.346990554557717 -3.698321041206931 6.586125405699521 0
-5.894569896465738 -2.7097915390589717 9.442429586539593 0
-6.476324490302344 -1.6096944618128348 13.183649534863726 0
-14.174827396912335 2.7208238146324226 8.828268522765265 0
-1.8987038657141468 7.636919163611948 10.645539585533829 0
-2.6253019515953806 -2.8969080399256963 8.812010835956643 0
-7.179604416508111 2.9041325792873334 10.03184215833488 0
-9.45018540251541 4.446942615591611 9.580600335800762 0
-10.335126370949261 1.419362443967899 9.534849846048193 0
-8.154367488064587 3.5782748626397956 9.838822648363482 0
-8.089183746692544 1.0226701419745214 5.525028345169906 0
-7.058575925682427 7.057536281048908 10.341306668214155 0
-9.55742955427109 2.090899571957971 10.274356404583568 0
-4.081494788470686 0.7133825358435765 11.731492600875402 0
0.5583231441822987 4.169850421811219 8.375535793374599 0
-2.007264759053194 2.938660704558787 9.091574298591002 0
-5.103457106806146 8.856898511419308 8.341779922042912 0
-13.761869590156888 -0.5558973231596709 10.85294623128015 0
-7.739638940625046 1.568187567759202 10.586791253074718 0
-8.396991005241695 0.24921383421460375 6.677487920009959 0
-2.162509103155095 4.970951465383209 9.251226000955464 0
-2.0713312221291877 1.5711591240173988 10.779017638277896 0
-9.471633816609062 1.654209140338166 9.051593485849336 0
-2.225503191905476 -0.8361350533814593 10.8861659665636 0
-4.602731997450763 5.580664662740018 7.927304176362387 0
-6.113910985535968 3.0367938142358275 11.20212649645509 0
-9.335161220808299 0.46652643058838184 10.106609575017618 0
-10.590104655782351 0.5645749018562765 10.742316292452413 0
-1.8036099355144897 -2.3472538114036974 8.455240211824908 0
-3.5044356521973548 2.8413840968784294 11.39805252093571 0
-13.147113609886194 -1.4408969706619166 9.566655810703034 0
-6.415439095990284 1.6700813341699408 9.464376950501737 0
-6.5617362033705415 6.533633143979665 10.381555734445236 0
-4.214264915191866 5.645835847614052 10.563197206348528 0
-6.526713264393188 5.786354563834128 6.533424153398844 0
-7.5826863984300354 0.4304222022136157 8.685371835645206 0
-9.73058115998173 -0.1818134903813402 9.030854640700722 0
-9.683958677026098 0.9354080991697332 8.210955418631036 0
-3.0286753188292805 -3.8214410116709114 7.936209701235635 0
-5.13822216565294 -0.8620868884655399 9.439554299155763 0
-6.26999434414528 4.600344236511292 6.085075703457351 0
-8.182414557030816 -1.7020980884134214 8.228955259570842 0
-6.736424315145644 5.614372019363004 10.618642374299375 0
-10.450379281056545 2.37240798577659 8.77603328812792 0
-6.576162303597565 -1.959002561253023 6.86231735514211 0
-7.665736794179848 -1.156579830097431 8.813680412519117 0
-7.493184469817828 0.8395942916229022 11.60332782145825 0
-5.500782953738548 -0.6729001700198918 7.288354995704078 0
-9.505088572819872 -5.499969622996981 8.430968752654731 0
-6.786435967679259 4.208989590521464 9.598767197828812 0
-12.347353013273711 2.92132442370399 10.209981668406753 0
-0.5406345110618807 1.3704005454905892 9.063239252710677 0
-7.698326253674763 1.4934721315164339 12.96574585358658 0
-6.476836422420373 7.103279381062079 9.804928693550456 0
-6.722105059767578 0.2538488776156189 9.278136134801146 0
-8.446126421966676 3.0634549409137586 10.075307836861032 0
-7.972853962415614 -0.1708883001649555 9.085439194221511 0
-9.102422783967633 3.4543413110897276 7.671571613778138 0
-4.700974138137882 -1.2273586629913353 9.236203873892741 0
-8.925374269828998 0.18785606281757472 9.210945106616085 0
-6.2577731217137735 -0.19529314468012027 9.500294767031862 0
-3.453505707289787 -0.5960132302005183 11.970641879494124 0
-9.225204673235325 3.8326110911004396 7.932815815900969 0
-11.262904797216553 0.8590287476564215 10.003107226081198 0
-4.380630335897868 3.8303301709948383 9.45038974626861 0
-2.4510761784203954 -0.3610483184448774 8.718056260052697 0
-6.170275730861579 1.41398989982136 9.501676946654447 0
-11.925165140335967 3.3182330209952013 9.687004710002736 0
-5.493483160911921 -0.2960469901153304 8.075620304997768 0
-3.58846470121663 1.0880721149753605 6.549157575014206 0
-5.601309263484563 5.156839493522128 9.781082070266768 0
-3.167273009445333 0.5187449543031328 9.199028870295226 0
-6.099522171940841 0.8446356111157158 7.589860570281523 0
-9.546276326275114 5.407318539287048 7.855408743531176 0
-4.238614051676575 1.6687283424049506 9.71154927829062 0
-4.212054456913443 2.080682297650198 8.04621523771236 0
-7.089867748617452 2.2021205351128206 7.068776218692928 0
-6.461671261995291 -5.12620356155594 8.294241272012572 0
-4.314151952996154 5.361565894646891 10.780774122319958 0
-6.4669033921594705 -0.7166480772025619 8.264031983298082 0
-7.0638318171251235 -0.059372305646970824 10.258336903795902 0
-6.151892960186586 6.841274642736409 8.492548524378577 0
-3.4426646472351203 0.9159637850033712 10.464027909131886 0
-6.32258576387398 3.2033066966530956 6.990660038536185 0
-1.8391865651313584 6.718365424164835 8.626123553982948 0
-6.110212967990334 -2.516441950778564 8.767654285431329 0
-9.356882886971363 1.3330332703201628 10.522280845783165 0
-8.336482062130944 2.865067360091089 9.86259975673196 0
-6.202443560624362 4.377654980566235 9.874463574682 0
-3.8872314780319135 2.3470874253937426 8.873609519336226 0
-8.610777620423967 -3.463837453669261 8.489345987455534 0
-3.5615966058030377 0.023662370966914148 7.407559319163576 0
-2.6432036912247887 4.833590832113972 9.074460598641561 0
-8.695481498260108 -5.788656454229334 6.65129164525344 0
-3.0571420582058297 -0.7201897631329981 10.695631119164364 0
-3.4404707976198274 1.586000188543645 11.45344758921907 0
-9.019928641492937 -0.4789663086351652 8.474285330330222 0
-9.39065923543484 2.1285712780143147 9.512855061761913 0
-6.958906821077236 3.214495910181834 9.128881737099544 0
-8.720322985340955 1.6929396667907133 9.555450724728393 0
-5.35239293110739 4.224327040956369 7.918582950469889 0
-7.469946048778225 2.856546572705895 7.904464395150418 0
-5.083617880851666 -1.017537151552692 9.885997189829279 0
-6.372815122539098 5.96579075772617 8.975762546910458 0
-5.279533460322895 3.8575861968570417 9.173345459508315 0
1.3406675933912195 5.102733980601384 8.921619028356465 0
-0.9820471760313261 0.7790828392027174 7.996030239391498 0
-2.73992983654801 3.4462607591420076 10.006737648746402 0
-8.086553348407001 2.2637461448555927 10.990686865582008 0
-8.744258028635134 -5.388489520926437 7.3925322808154466 0
-2.1191105615983794 1.5372511717797028 8.656823270853312 0
-9.280441886523729 7.4183101782280145 6.698290573651779 0
-1.917560556595454 1.9494173699715556 8.367202239193244 0
-3.3665500050150703 -0.0379873123770913 9.477822367674708 0
-7.188941491685493 -0.30946531479907113 9.930052468118756 0
-7.460396689322212 4.997917756234596 8.888269118507482 0
-0.8183167737070711 7.715950972513465 7.7176007949235075 0
-4.650204388827566 7.8131966964487765 9.124520488744832 0
-7.429296476468191 1.5754028733495944 10.736642928829015 0
-0.5012366996661992 0.5133588360882981 10.496303347381208 0
-1.320960300144379 2.491235601405364 8.89309932329512 0
-10.116836964488112 4.060868235953593 7.288563977406994 0
-4.612580793669686 3.9542494692129844 8.153292873032493 0
-8.755195166517675 0.17379834412022732 9.560607982149504 0
-6.054136101584991 -2.156992260815099 9.137855658764447 0
-14.468690526655271 6.439031380298785 8.856861043839942 0
-3.7772199257261674 -0.6585117830910008 9.192794818297479 0
-7.237119130678208 2.460310176154853 6.575841338555891 0
-11.609399590368522 1.6335988795141527 7.167334907839802 0
1.9845120535704428 3.463108312557587 11.456595434770549 0
-1.8297603820709663 2.7097246039856397 10.792284267083076 0
-1.822138876606508 4.439889418985183 8.423747692006998 0
-0.5441391763895282 0.9967631990901558 7.902537869970733 0
-9.89948115566804 4.207971088241431 9.30927148917575 0
-8.097907074695069 -9.153293249918994 7.562237824910222 1
-8.521802051508486 -8.138796661423319 5.968663674134158 1
-6.164330278476859 -8.392660375604734 4.185506487865242 1
-8.02324367168879 -6.798307146417981 5.502510798837043 1
-8.569869019412158 -7.731471363079549 1.839045377698513 1
-8.975682452128355 -9.778805015174767 5.213675202283852 1
-7.730090975811477 -9.214246625861524 7.070977798219377 1
-6.793834505744952 -8.839310616089538 7.718970831496541 1
-6.967888815181963 -8.406985950325454 8.177040924509603 1
-7.440397658561258 -8.782003937283847 6.27613785147585 1
-7.165607513099745 -11.562577981496418 5.7330831381777925 1
-6.6771509945277465 -9.134496877019396 5.16753643369798 1
-6.369698327076881 -6.92351486035854 5.525326444350155 1
-7.494943449312159 -9.265694667699842 8.930775509007836 1
-7.349982416749692 -8.735545565380361 6.533402457012811 1
-7.69093762180174 -8.75684676884469 4.886228253388246 1
-6.919453385051673 -6.290424499826425 5.993024383104356 1
-7.219030268783701 -10.225115389385802 5.844122166210742 1
-8.465358535220057 -8.049039259174256 2.865489803877507 1
-7.777083245659245 -8.361057281097708 5.791985386645955 1
-4.83748488590324 -10.233309509602536 5.6139784540623685 1
-7.987337768583656 -8.019076824903282 6.445244171328099 1
-9.243945149209026 -10.319466940758904 8.102702928897703 1
-7.19683145951927 -7.175615572213024 6.557213711573161 1
-6.301469004668106 -6.760051429933189 7.353667403284366 1
-7.599474696583859 -7.18121649022932 2.712689222281153 1
-6.711419433335745 -7.729503156917605 6.7118143515136754 1
-7.6085980629688805 -7.950358077513546 8.969223518090091 1
-7.985077220200296 -9.344865160978298 6.420455897107986 1
-6.95141242935833 -8.08464545361109 6.704446200926715 1
-7.788540114212709 -7.60920452740592 3.423377875945181 1
-6.733278885917126 -11.265775613337652 5.5293715306406215 1
-8.04652184688248 -8.84204956670595 6.550959751947951 1
-8.317584877767867 -10.253484302729833 6.633603361020314 1
-6.741832987246452 -9.49868810254144 7.344178173843353 1
-8.071192614175274 -5.878390644111968 9.475624060355692 1
-7.987287979775066 -5.505892807953676 8.671748819797562 1
-7.478085456311489 -7.828453445845596 9.425980724915 1
-7.745665285074355 -8.492066819754767 7.416865816745706 1
-6.461901213315163 -9.586226443453649 4.084000737366326 1
-7.570431380591552 -5.753437873034176 6.299544010175802 1
-7.0417260255078045 -10.47776969264177 5.481096827250881 1
-8.397473643225553 -10.21767868421767 5.791329254152482 1
-7.527340415532211 -8.29621726197457 8.549675621564358 1
-7.6407496498485665 -7.285442787116039 4.658096439356733 1
-6.66607136929507 -5.973684357555419 7.254238635754419 1
-7.33469244270622 -8.946922072259461 7.8353680976317674 1
-7.549663526376564 -11.000338110064323 6.4310380513748875 1
-7.376020562612151 -6.342651614822303 7.353271910893683 1
-5.563327634787798 -6.3365421412995016 8.102492020676143 1
-7.93061946295963 -9.880600608114179 3.5489664539746384 1
-8.048100556862282 -8.437925151685375 11.68515951641826 1
-7.258218597893436 -7.918892454704699 5.933701265013337 1
-6.738474170584341 -7.571333353840461 6.726105682792313 1
-8.066212306181155 -7.799193620910026 5.531940257699986 1
-7.823058888318694 -9.923550245035768 9.630079953749767 1
-6.756288824492173 -6.461485696703755 6.792860184695164 1
-7.5955778269188805 -7.708076571934108 5.95410571114646 1
-6.493655244597461 -6.82882862548179 3.624851520011309 1
-8.478432690459002 -9.138034507572815 5.750909184054371 1
-7.617019952265231 -6.571105115305674 6.8304393126269325 1
-8.032986892266656 -9.319614390741094 4.1990218498816345 1
-6.615326031575231 -10.666515670851835 5.163968189445221 1
-6.854033938845958 -6.049278272259676 4.631341830993014 1
-6.529679250036685 -6.6268826715353715 6.855490170996704 1
-8.240970501723657 -9.757177469869731 6.294412397220102 1
-7.863781513047676 -11.168818927636131 7.649900778933648 1
-8.690931369036331 -5.66564651281916 6.174452698350008 1
-6.5362592706696 -7.501171140284422 7.8605239706957075 1
-9.733327957765013 -8.214744173840694 6.5955272554173305 1
-8.54131027923917 -8.13477516516094 4.234898389265615 1
-6.103073133351337 -7.3894864551376225 7.40060851992606 1
-6.560941450860044 -5.905540724846805 8.410948742682109 1
-6.735821505509394 -8.899597457563623 3.92406668911779 1
-7.381268909469636 -10.93598036435275 4.886219683502139 1
-7.191219158224737 -8.324717755668678 7.805672577178408 1
-7.941464670383535 -4.925339157068564 7.00875668034489 1
-7.24367754830967 -7.222856719361863 5.785497206585687 1
-6.50810630927575 -6.535724888965406 7.047487042424148 1
-7.930019701621122 -7.794411907556556 6.183971478298036 1
-7.74954014652484 -9.42710698033285 5.467182316282641 1
-7.703716890837714 -6.818690098809512 4.69030142695023 1
-7.433153954713454 -8.539417485796653 6.730302225535982 1
-6.702384821523002 -4.822608613397017 8.884702943308335 1
-8.215611664166769 -7.800810904005251 4.359478883339013 1
-7.882929863317377 -7.163232906347179 5.9050835079888735 1
-6.827909019245487 -9.354296373118567 5.503080714903571 1
-8.058185821843747 -8.71963790544518 8.561847839436567 1
-7.887057736901623 -10.564526617593026 7.180603811458206 1
-5.9008818570820685 -10.279510039418582 8.60405403456711 1
-8.277701698220714 -7.0416690513661715 5.978825860318563 1
-6.429826880089805 -7.1783540853679355 6.776596714100055 1
-7.205560655245234 -9.899673736614822 7.039152920168487 1
-8.561690720198394 -8.146976247709487 7.692338436489003 1
-5.392443888923459 -9.070283309084543 7.145506048859511 1
-8.612759846202287 -8.433947015553239 6.635852474998106 1
-8.578129333732756 -6.049417292600953 4.378943667434836 1
-7.164661763337064 -9.598072205579214 6.331993921937448 1
-6.00282834874929 -8.967362041017731 4.1094326770234275 1
-9.158658039345857 -8.47273168967387 10.075917616981961 1
-7.934574468676965 -8.946858358637602 4.5488542582182045 1
-7.721049769062462 -7.83534249998124 4.380075280583908 1
-8.055343929797454 -8.077613596500221 6.929496959944854 1
-6.766155811777775 -10.730735407662218 7.1979655843787995 1
-6.792370818062588 -9.003592833003218 8.004483682164928 1
-7.650474479264465 -9.724086672113009 3.9121239850295395 1
-6.383540024012264 -9.712673031353708 5.803946200062218 1
-7.388672022287359 -5.9054711827923345 6.4973282440302365 1
-8.56987703720902 -7.967063805886865 5.420745486589734 1
-7.712612579769693 -8.118975521174223 6.876182426236083 1
-8.05478460421054 -9.237253096038206 6.950551898204404 1
-5.977841115255101 -9.615011424435359 5.0260599913262505 1
-7.200863224581757 -4.919110376333759 6.01019633807504 1
-5.668056093153653 -8.849513177718762 6.857084613812969 1
-6.582665572298114 -8.515231651882464 4.478175465792397 1
-8.066739793996447 -9.123948194693357 7.470534330175407 1
-7.800476598735578 -8.45343161486235 5.554950985222251 1
-6.789558152046836 -6.690138954842073 9.402075505819605 1
-8.072297251236142 -7.286068544224513 5.876625841010172 1
-7.999056453734608 -6.849508879454955 7.786679191388924 1
-7.544939495524266 -9.672870694652978 7.516478037586378 1
-7.610290868559268 -10.286698372269761 3.4464396595284397 1
-6.81007997159409 -8.09386110166483 5.36747994432096 1
-8.219475008634419 -8.21351006402533 3.959880885280991 1
-8.747096441569381 -7.412390232100362 5.056338153539308 1
-7.005704436262655 -8.036717591039439 7.2157405264725 1
-7.380944467742393 -9.660894177202263 3.669175566596447 1
-8.215593217536577 -7.985721217173583 6.6363750713259595 1
-5.208171414352577 -8.61434106235461 5.1718674301845455 1
-7.21165891565909 -6.057340130409992 7.127815894248981 1
-7.808563920871911 -7.556295542597056 2.9214920553093773 1
-7.776974397334801 -11.327616711552661 7.407963210797058 1
-7.270726020407158 -9.244837201114834 5.130720790980065 1
-7.595800840696834 -7.640394004637234 7.366612710004296 1
-6.43495863940225 -8.595628946206421 5.663275399144336 1
-7.446731727440217 -11.671770949899225 9.804816540483442 1
-7.616330476948523 -8.863928831522198 8.021090093270587 1
-8.30709185573145 -8.81644750439496 5.990244626660636 1
-6.111004316593003 -8.029076493975767 3.8231885082051216 1
-7.407200500701787 -6.183697560757633 4.4912559208034315 1
-8.213927982689269 -7.419898420017897 7.104232112516513 1
-7.292379386436203 -9.407832305366183 2.2462884136108645 1
-6.938546610556909 -9.252733111019397 5.410316074827769 1
-9.218014876506043 -6.6059121050102 3.175683195283249 1
-6.701108740729412 -7.361912563342402 6.894946737209866 1
-6.373473135857989 -7.6986664230086035 3.7234358778534924 1
-7.443645708225976 -7.460398698028716 4.062587722833374 1
-5.279762246179603 -9.642056620753614 8.3006891164508 1
-8.029110140392515 -8.176913263669316 3.34606792968134 1
-6.78418011197232 -9.015068962822102 8.20492918377847 1
-7.662392642613199 -8.235208592274521 8.943079909044487 1
-7.971381081990103 -7.5469412119119745 3.2320737466631706 1
-6.573491921191505 -10.836822989359591 6.642242731921394 1
-7.864745138807758 -3.8477885577718762 2.325673942355791 1
-8.705458739258532 -9.271584060654458 8.173248919399288 1
-5.630537886439173 -6.896279139284633 3.951671449732509 1
-7.8332729412382935 -5.968715927948918 8.812471816895235 1
-9.70496599631622 -12.339436228076824 7.45874713710243 1
-7.191622703076175 -5.664826329883656 7.5559837524314375 1
-5.550625796815628 -6.219615389269194 4.594797299729135 1
-7.187101834184836 -9.520060406877386 9.173085744523913 1
-6.409328416042549 -7.219688056779679 9.489822475089346 1
-6.832240853367806 -7.733835613627316 6.812027982124589 1
-8.157111492988003 -9.230925797849478 6.21737450750717 1
-7.844896438628085 -6.523965385993655 6.386493973243343 1
-7.740132432385365 -11.020131454426682 8.572386281397756 1
-6.884028641573406 -9.430607327260983 7.573709741977057 1
-7.237191017333013 -8.970531060875162 4.908789272702456 1
-7.677638948559909 -4.195279101038432 8.326171063053739 1
-8.117360720157514 -5.49156934072399 5.054931714022593 1
-7.952045666120028 -10.45698450564346 7.686478935066132 1
-7.635905542398591 -9.35130357169659 1.41005884522016 1
-7.787256312537865 -9.110829356256668 7.314076966631141 1
-7.145021622335539 -6.710316834312695 4.9120087884369035 1
-7.674095194886563 -9.28533896429924 4.3985613951267934 1
-7.8065882987264335 -7.724945642235399 7.144432952032407 1
-7.527399317498295 -7.839642856053212 5.935261694977149 1
-6.51021214702456 -7.564157218019349 7.523837291894219 1
-8.101448027482489 -9.424749270525982 2.3261218070802103 1
-7.865283787141971 -5.480317256882075 5.941287462616391 1
-7.252887585074113 -7.730165540211399 3.4858953681025966 1
-7.604170196248381 -8.697655212923967 5.394258922421247 1
-7.304439287405746 -8.152328214541912 6.185750541564642 1
-7.65791671045226 -8.19620174163485 10.13229718871554 1
-7.447417715350752 -6.737099483362379 8.680194397042083 1
-8.815095987602497 -9.054900506872293 9.739439676012132 1
-5.682228198017169 -5.818452843106492 4.702295295187977 1
-7.701911739875722 -8.11773131059105 9.168308640441943 1
-8.044054986310668 -9.387823164862041 7.960242865374496 1
-7.137064410688178 -7.010472816989607 4.454740846319233 1
-7.738370946541499 -7.662904920784165 9.240550501022957 1
-7.1070958544287475 -9.112076050271085 5.756041749605831 1
-9.199404651276028 -11.533932037252889 4.219450781965408 1
-9.361870533581694 -6.472232286355608 9.480056542429619 1
-7.769241741836348 -9.675719847487354 8.026369026127723 1
-6.2162332653806835 -7.481179345273361 6.548534850702855 1
-6.970251593925387 -8.733298266906147 8.324178752639313 1
-7.72822094403136 -7.092539333977715 8.007343768267331 1
-7.743083089574351 -8.917020747445676 5.869510669908163 1
-8.298149729828609 -7.8310358452048705 7.154295144220694 1
3.8386342090023593 -7.960631370298577 1.3507035081756427 2
11.633404222214258 -3.500200810933294 2.535031843765414 2
5.9233356310908105 -5.956270993073234 -1.904270847722608 2
-1.2757062509922168 -6.87738021886475 3.526422068823086 2
2.657037829377487 -7.1286318030306575 4.807444028991009 2
-0.9237348977530662 -7.2176439824068295 0.29763424471828337 2
3.1291437915522726 -9.665199044610361 5.481816488476028 2
4.032902325978773 -3.713706985738278 -12.430802948686596 2
5.242396647355043 -9.191359087692918 1.5234843568563472 2
6.002989192838125 -8.428057918263026 6.916089948535151 2
-2.4368048995768614 -4.1819107882713045 8.824460145124647 2
5.273653697919104 -3.4990579307063405 6.177518109328158 2
4.241218416562469 -8.922098160622287 -1.1567113630912922 2
1.745299359924167 -7.391995494175371 2.0588075247274555 2
1.6336507979502335 -7.65342042262349 5.5377859916056575 2
3.3302237438613336 -5.609797865677466 2.564486777061745 2
8.752168821397774 -8.036523281859685 3.7638110501947457 2
2.388055701109032 -6.918214755838684 -5.083639963345848 2
3.112419547169594 -10.553703584214729 1.052119712171963 2
7.5206807546119006 -3.9663418382042566 -1.3880818083790283 2
2.376043400894505 -6.2477748485981595 -2.189389482339008 2
1.7034758059559891 -8.590019098847113 8.311475012404939 2
5.963940866053717 -5.847436121033266 -1.528034309246054 2
1.1662078905223043 -9.294139084139672 1.6940227108939425 2
3.2978485245352576 -7.546301844150468 3.7541979357467348 2
5.6394762488670125 -5.616608648613257 0.2788840310210099 2
-1.8159730300101957 -4.815185649532934 -3.051118437277162 2
3.392550766502763 -10.577848640083614 -0.24262672800918494 2
3.2500541895516584 -8.537651899510834 3.2970058827265833 2
0.9886678259359409 -8.401819900228812 -3.5676494184582737 2
1.1360784671985114 -7.577306403641491 10.889142355290444 2
2.5910939898552745 -8.053663282160173 3.5004666892152185 2
8.948305533911892 -8.414964705354391 1.1724098457626397 2
0.32933277479050105 -6.695232812947242 1.050802413681089 2
8.135741784789902 -4.223189306510564 1.9827764294122268 2
9.003005490280227 -8.190955838539772 0.8153712985707433 2
5.704102896590372 -8.708505480210231 -3.0953377390144032 2
8.062057025016585 -4.677486858656456 3.8608687468193654 2
4.11982717270349 -7.818986664670345 5.616150015452002 2
2.618639746724776 -7.200442557471785 0.5047505662820202 2
1.3739048523936757 -11.756313513639526 5.404558235253815 2
6.9461665342196595 -8.96685417849517 -0.6895269506465529 2
1.7131145735972098 -6.133305888916571 2.211399405479196 2
-0.6782108957433417 -8.572924822328329 5.599471641989213 2
-0.11094089139897356 -6.984045939541169 2.684762137333087 2
7.099624334686903 -7.024846796137529 0.4125795897599307 2
6.591068425328331 -8.4764927976307 -1.1983873373857463 2
2.0143343485231666 -8.247726432504367 4.542408699687195 2
0.12172534768305132 -5.691386247301384 -1.112766871496103 2
-2.611329860452214 -6.766704407755111 2.7368092001113555 2
1.4866507644137041 -9.008597677660457 1.4256745644923376 2
3.3946976240244755 -8.373457957258738 4.425311774274343 2
5.126390104466156 -4.368611214631532 3.347276274426485 2
5.099719195215208 -8.435433213560911 5.340967811572421 2
5.401027462412448 -10.051719347474942 -1.3188488571288746 2
4.756283103566582 -6.8390103638980895 -2.0798626586294375 2
4.999256801642712 -5.782321103127993 1.5322330311289138 2
0.5086886838260809 -6.264621189551153 -1.088514771177974 2
4.701919688019661 -5.658446423820285 0.28215590254096856 2
4.466596482037582 -4.3624474279038115 1.3702326920412826 2
2.2274988360745125 -7.030124081744621 -1.495553556998991 2
6.24880422279629 -6.681079432769624 5.843299396428634 2
3.829033555087748 -8.379021089759654 5.250619447596977 2
8.217412052275396 -6.999720177896005 6.952280209572815 2
6.3669416603194104 -10.659361814509655 2.0298769762246582 2
2.61075708491214 -6.73564556554687 5.250453239311513 2
4.237440716555234 -7.30344944863604 2.4642123845757293 2
1.234841376177012 -6.283804678640437 4.968367718160868 2
0.755035583468219 -10.824919660312402 3.055433046874981 2
7.308859856037728 -5.049870673824343 9.351539395878923 2
5.834716584674499 -8.726439197916973 0.5100474187112387 2
6.264919192790985 -4.894858483435702 4.323391730810647 2
7.081605466963946 -5.2857974702173385 -0.4361612083242248 2
4.719894465276353 -4.811915502514923 2.5734206715926473 2
-0.02521975314428504 -5.1364640794288 -1.6901908741049034 2
1.7742421462121327 -5.417734157744985 0.45256216863564536 2
3.82914422880543 -6.276087647199796 5.939259029107459 2
3.903273501174184 -5.700876780014893 6.588763835738201 2
1.233992009763759 -10.160926086856989 0.863184809481957 2
-1.4690135237446933 -6.808347922805302 0.321451730310941 2
8.308240521375497 -5.488702521551869 -2.9237898000474996 2
-1.039049863232516 -5.860032536637952 0.2764335196400527 2
3.0031978019733776 -9.026872760626286 0.790198283981933 2
5.6220394612544276 -3.776123591739934 3.449638141006451 2
6.826698846794141 -8.197946342043016 4.144095228439484 2
-1.2579532940752838 -9.142302373398204 8.66105913904672 2
-0.21699795415679146 -8.55150694003669 -0.31638534720612466 2
4.959705657925882 -7.705066954668638 7.032449766652356 2
2.525804746450736 -7.472660581285544 0.6884252901245047 2
0.19054689093387012 -8.875562559233899 2.299468590024455 2
3.1947184142630873 -7.86316347879043 3.8164110106603166 2
10.913804060190328 -4.138467211488562 -1.60010800561387 2
2.6654920153078145 -6.013456944997908 0.340963808275069 2
2.9912576645578293 -8.358518654500257 -3.966900274317843 2
3.1395265992738013 -6.048100468542163 7.351539690790576 2
6.980560009553651 -5.4544092201249335 2.8242171398090017 2
8.30526613435035 -4.970878338019061 -1.359003912238005 2
6.73557568649268 -6.09576901249164 0.972109317450492 2
0.23194712587902444 -4.943202986773278 10.526696660772581 2
-2.448539422102007 -7.369721359236954 -4.97508852476721 2
-0.33094473470258556 -9.027104281450494 6.482926034360937 2
7.177037795339395 -5.079832389073662 -1.8660920400191823 2
5.511923346261421 -10.877674786761734 -1.7502978404816623 2
2.6318952751138314 -9.055244504270876 2.804658199497003 2
3.3257171706114157 -4.1011724708356 3.34720337088455 2
5.021179303910431 -6.78674609676421 -1.110922352451325 2
1.5547853383100783 -5.763943186651625 0.6619247104658981 2
0.014208323006159596 -8.023615397570362 -1.2266720612987982 2
-0.3153274416253571 -9.107100050231521 3.5534702383120207 2
1.519184037066222 -7.552905522525054 2.8294517871301474 2
2.796681338896981 -8.803489300735663 0.8787144465804164 2
6.156856811636999 -6.346878142577537 9.057054182837426 2
3.317924539448329 -8.667612388231039 5.273044576015641 2
1.6920326980334126 -5.8322812132562705 3.978124833897326 2
5.159639418520139 -3.7028471989367766 3.2840817973446503 2
6.769749237223986 -6.351644477140846 2.9475913435549375 2
5.256230223079345 -7.861417136072621 -1.1752555390281323 2
-5.378586136891631 -5.5731730009153315 5.158394172586172 2
-0.5927518889029497 -9.904609654508809 7.131922021507102 2
1.3731178223682563 -7.0733757211758945 -0.13751410251930452 2
-3.2984818297877023 -10.275808511563786 1.8784893287188216 2
-0.39640012510501155 -5.89336202601505 8.048142729901766 2
-3.1574982165235745 -6.248161225838699 2.907804670077169 2
-0.17598429160072815 -6.372750689727595 -2.257135277582435 2
3.679614816990937 -5.111925756610598 1.219907078613097 2
5.202457174856247 -4.880649107462494 0.8237981882802481 2
5.764964743569681 -3.6975626446579692 3.4990686143513487 2
5.189391313367169 -8.220154877747936 -1.0517980490462726 2
7.64410671703371 -10.533355382601933 -1.4551454077737116 2
4.221552896553617 -5.934661643214353 9.88227880543084 2
10.124963228081743 -4.818532660000001 -0.061144704257226845 2
1.6866408672803281 -8.192860320735605 6.096312003965544 2
4.403853269548469 -9.322327951427628 -0.6912341430289306 2
5.656990925782829 -8.268191649016329 0.9220774820462443 2
5.07655346362151 -8.976722410759905 2.7592294043751213 2
3.3722312056219206 -6.003295964599868 -2.681753620182186 2
3.991364459617307 -5.02533879775543 4.469941878507981 2
1.6498726170289195 -6.315014864484851 -6.343313329777761 2
-0.9968734179001153 -5.048049794982506 -2.030541399577089 2
-0.731471833042364 -5.53782339254657 1.5913228472240546 2
2.7047509892449764 -6.897836711263846 -11.447855505546746 2
2.20581611171982 -5.367506343914478 2.4312985680053782 2
-0.2697825304712387 -5.992280466502005 6.800262545301283 2
0.35260033164103977 -8.075730871604737 3.696707258487095 2
-1.578818274308766 -6.687985169905751 -2.3063654331533368 2
7.697282445502597 -10.136429170749778 9.759308333723965 2
-0.683693512928822 -3.885597187499808 3.8784661869190216 2
2.0856418453244068 -9.274130391170281 1.3212818357089948 2
6.030338825873901 -7.564574202457258 0.4770874150247404 2
-0.3953644414387689 -11.054424528925459 11.081543638969592 2
-6.400361162058125 -6.662769143441789 12.122244441122037 2
3.0633793808801384 -7.296753319752894 5.796539960912323 2
-0.7499271235421361 -7.392686030056985 -4.494627762561846 2
4.181523663561767 -8.265780756563318 2.4028690202634415 2
5.876402314622942 -5.475763826973448 6.337180451661479 2
4.267020757505753 -6.1118401728161835 1.1393924856136919 2
-0.2987839799219323 -11.61702933949938 6.018364263649054 2
3.3614416043526316 -6.000444084016512 -2.8283802609985065 2
2.782248609372581 -9.156179946359899 -2.008118540862392 2
6.328374293110183 -5.056859199988528 -0.7266507183216904 2
1.146217153751914 -8.311325874062293 -0.6193181291229628 2
2.6014356699005474 -6.29178945734003 3.924704285967198 2
4.775658530536148 -7.129907849124838 0.15070343935010477 2
2.734117692187461 -8.616753411140321 -3.8849304613631856 2
3.665362995687302 -7.991357240310999 5.210928543230405 2
7.854902886228998 -7.798972109524378 -3.2971398678678048 2
5.095444128483141 -7.9865719396306805 -5.1831599708746765 2
0.9784714538054917 -5.136225264038217 3.4946674338850072 2
2.3238411738872298 -8.097960623735174 4.315380578721038 2
6.326185784679362 -6.8907942327292755 2.25626307550045 2
4.489692419972748 -4.126170422413949 5.239623824523237 2
-0.27809847632505935 -8.44211140071022 2.254085196185297 2
4.86731716561468 -7.011192005407591 -3.9435408057946795 2
2.110446479307821 -6.783403856207376 -2.3904317458331175 2
2.2399015071032276 -6.761293870757008 0.007709193941157544 2
-1.8708862248781717 -8.16780276819439 2.8268634236779007 2
7.209543255474253 -6.923817123535039 5.537235338942988 2
2.767724166306648 -5.930046210700634 1.5663206737586557 2
6.487562890320691 -6.998360625948068 2.8480520511655687 2
3.2574568598226663 -7.445123870321795 -3.6775389226004833 2
1.761611998348472 -7.30398442441216 0.9010307740454679 2
1.5963700037584063 -8.594281895845269 -1.9434626051329418 2
5.393569760269903 -6.172164775118275 1.8761745366626152 2
0.8623217165894466 -8.018373123624988 7.43588615085662 2
7.773185563065131 -8.814565459180907 -3.2600809854578623 2
6.064100530983085 -8.009882918337482 4.713993712055045 2
10.165426283810403 -11.11100962600285 1.2431310517420204 2
1.2349239300278287 -8.552800643866991 3.8088253934668304 2
-2.071708039236225 -10.136012168321214 -3.6935545931887175 2
6.7152801705586995 -4.1019997204816105 0.4206196095622696 2
2.968976463788271 -7.524921539756564 1.4823440177856555 2
4.294828109826577 -6.872848412814836 -0.35782794817666597 2
6.13069780453033 -6.554927201200483 -1.5432093154015831 2
5.19381585849906 -5.822843570981391 3.190080936639404 2
9.994326863837216 -8.598864083577936 -3.680831918267474 2
3.7949003247950777 -5.338348020990284 -3.543387769111952 2
-0.23747432922922318 -7.762162548225918 4.926189063787594 2
6.32806780718132 -4.426600125905631 -5.741367411260182 2
4.812789132157217 -8.117828761643032 3.219540139661071 2
-2.6485719771626908 -5.487352317716518 -2.6911090978215517 2
