-3.0155876090160163 7.484118698375804 0
-2.0811409962700886 9.877908369889601 0
0.8950371516820121 7.611035837763223 0
-2.627290006385483 7.5510196548807595 0
-2.9408925303137017 7.0869422839248 0
-3.2685980400816543 9.73884370541334 0
-4.097825711745731 11.261982270078168 0
-3.2687527327726134 7.92724147846446 0
-0.4140842827650748 6.464880432042816 0
-1.242903567215274 9.658735739717878 0
-2.037815825236759 12.281165637062456 0
-5.5220912657015875 3.5097852303208006 0
-1.8523283987214043 8.761740646868438 0
-1.80594948467824 13.255012690263415 0
-3.1709779564132843 6.820640869367495 0
-1.6799690181230997 8.098769639414163 0
-1.8741672338895223 10.910733812713813 0
-2.987834987001656 7.117799024849619 0
0.06659674831472762 7.6066358355904065 0
-1.712637646688827 9.151976401186419 0
0.7409594211616914 10.79821841318783 0
0.012655682690880798 7.2595171805178955 0
-2.641108289136436 11.464222062189233 0
-4.505179435974493 5.430607003453243 0
-0.7003062687825177 8.296627500535928 0
-2.1801554807865053 6.637720529555224 0
-0.38675196290687275 6.272802555297304 0
0.07939098213561246 9.587453238736417 0
-1.7136922978139426 8.470780884812157 0
-2.6832932556009483 5.897409988017821 0
-4.18410848065621 13.969603864341604 0
-1.1078397419504629 8.689092486710054 0
-3.0630984516079036 11.98802792394955 0
-0.1257306132278182 8.072958078662944 0
-1.2372190582280767 7.061490087671016 0
0.17281600766902594 11.856743081813232 0
-2.4905458590570473 5.61557507756471 0
-3.615389173014475 7.8476410330134305 0
-2.6885657204740294 9.126562773345702 0
-1.5749731793753154 9.919272445573151 0
2.3942639886108186 8.039682764954529 0
-1.1394840637211725 8.813353086326964 0
-3.598168554989198 8.876197603855104 0
0.1266887868383284 9.148067275693228 0
0.8892209628006218 11.19208821050653 0
-3.6109824844381313 5.5169701611971975 0
-0.6210164801334188 6.072774655401366 0
-1.7486603944057095 10.154708619933148 0
-2.2230475925052127 9.12860641732806 0
0.25167138515959486 11.006704446677208 0
-1.4402403962286687 11.45889598698898 0
-2.2646063908645186 8.024130428874784 0
-3.3620799891808004 8.904759263848543 0
-1.8847990763820919 12.340334072897189 0
-1.6624494139261579 10.683264249234945 0
-0.8765204121718035 8.323779775769353 0
-0.7555554518696956 7.039823558436895 0
-1.7512540064304645 8.221897110096283 0
-3.228577150929847 9.157645322229476 0
0.3238108546754144 8.308141560258099 0
-3.808074936479373 -8.50052449983254 1
-7.341991422408894 -8.601446324993978 1
-7.784437749586976 -8.313758086757511 1
-4.434192057628289 -8.531661139414089 1
-4.778806688591664 -6.626230252682344 1
-6.056662839776765 -7.510768013717821 1
-7.754016803470428 -8.197257209681688 1
-6.228083920299458 -8.407562086407928 1
-6.747811777871329 -8.451151846162642 1
-7.668905062137695 -7.809666815387109 1
-1.573540218306289 -8.496154872969782 1
-8.343397945900023 -7.352408038622809 1
-8.491685263946469 -7.375326318032448 1
-8.849788960732289 -8.3124081154387 1
-6.609954459771534 -7.6744306398966184 1
0.016114419572766714 -7.64625819472978 1
-1.973543547246206 -7.419949288306383 1
-9.100919202007594 -6.012583987170794 1
-4.533546427262925 -8.397787102469408 1
-6.098603242652564 -8.968922601093444 1
-5.205082070606327 -8.078660602546917 1
-3.7328551819039912 -7.864280256381352 1
-6.247429713740387 -7.338795206429452 1
-1.2452415988422576 -7.749388567621705 1
-8.683315298343647 -8.614288227369672 1
-3.1461084011439238 -7.918009082302706 1
-7.645277814110339 -6.687905506174255 1
-8.061678757976011 -8.938650954664427 1
-6.815582369210169 -8.60107656907328 1
-3.652355973853749 -8.335609706560632 1
-7.67944491273844 -8.639612999140704 1
-1.4330015334530657 -7.457470943680708 1
-3.9438829740712493 -7.209835801220347 1
-4.4443502463251425 -8.457277905781115 1
-3.973492368305631 -7.86641537283872 1
-4.532198934219491 -7.608711232614166 1
-6.717182900868351 -7.4498684323223525 1
-6.42665883292835 -7.420592667643118 1
-6.276232776284408 -8.023261694928008 1
-9.787210237674026 -7.776989003953655 1
-7.4954797702270675 -6.881711347323161 1
-6.691392581438633 -8.364711083020476 1
-5.381839910635183 -8.091691429424557 1
-5.394571157400019 -9.442781998241408 1
-2.46246103272314 -7.393912196458913 1
-9.144941048470002 -8.366810445883067 1
-7.740231325207928 -8.843508262837474 1
-4.755288300017213 -8.70632407263598 1
-10.518477274815035 -8.066890168199954 1
-9.590265153301019 -7.504875757227749 1
-9.546628997798722 -7.43016780680015 1
-13.654653241897051 -6.9193804689643095 1
-5.003746545468675 -6.974158953130301 1
-4.32471187152569 -8.800001842632646 1
-5.372650380745523 -7.108561928774434 1
-9.545040683821096 -8.425059974013767 1
-5.659839799626774 -8.58992318521027 1
-9.602502483334769 -7.997969259081841 1
-4.971854957394326 -7.184325500412199 1
-11.190771208148842 -7.1594759647745425 1
-1.52739306123068 -2.4911563092257065 2
-0.43045450868463814 -3.594530730800388 2
0.23544503698971708 -2.145145631903369 2
-0.2571593504074472 1.244526615096437 2
-0.4891044119536079 6.228234952931802 2
-0.11814184828553242 1.1217078069423716 2
-2.1972728613568187 0.7910054146360499 2
-0.3380844093136731 2.4598195181072775 2
0.5243560470495311 0.37057176193578323 2
2.5471514537742577 0.4970664334621895 2
-1.499279694338403 -2.775855837053979 2
-1.1941604653180773 2.069656191351261 2
0.7753739267356149 2.484316553477907 2
-0.008327426777721154 -3.1958758083067953 2
0.42025055158520896 1.2235227338238526 2
-0.15751029358609775 0.5803146708425067 2
-0.6156880938272278 0.6506296310835697 2
0.8747802075606429 0.3424871643323858 2
0.7078065517313168 -1.9795618319459514 2
-0.0540876258416518 -0.8850280335926513 2
0.26585928652922997 -2.2271169253346845 2
1.2237881611498571 0.11903628307346947 2
-1.2889666156653745 1.3915909055348554 2
-1.28527052468809 -0.28903819765321453 2
-0.7346157657890414 -0.6611396333584056 2
0.2005277704029517 2.4009803248182857 2
-0.7106473516608458 -0.03504266444145154 2
0.7466590805568399 -1.5642691352882232 2
-0.627442702422166 1.0272563801969594 2
-0.022666947562597666 -4.354177531014613 2
-0.6887085351475286 0.6745515621589238 2
-0.47808543507033324 0.20237629623554276 2
0.6271347111776102 2.4005202891284965 2
-0.20773070296140933 -2.340725696776212 2
-0.9945368380518749 -2.3199388200438884 2
0.5231485894785761 2.4898346140064156 2
1.0417499876352012 -2.5816956975698875 2
-0.31375947950435656 -0.6054484705305149 2
1.579372434422718 0.6424072049890075 2
0.05416471107783656 -0.6529657557090861 2
0.42245873173996656 -2.064270658026169 2
-1.2153670681339102 0.47705507130203273 2
-1.917916116456206 3.119382300101531 2
-0.25909448275453245 0.2105075830750982 2
-0.1016474452056353 1.1479462694717841 2
-1.663332159696915 -0.5260288551151296 2
-0.554927436894992 2.22781861971912 2
-0.3351381265896039 1.4691753134428018 2
1.4309126976959703 -1.8134617295686208 2
0.38629486296445353 -0.11741455025154501 2
-0.08626332462742059 -1.171868797762161 2
-1.3961454479420652 -0.996580149175421 2
2.063261854435825 2.516180973187768 2
0.6248136637246505 1.3739105410458048 2
-0.8647439971788694 0.1261437485498874 2
1.1289337627039762 -0.34340604381298095 2
-1.184971904778534 -1.0424788243833625 2
-0.9873284833549582 2.1243546718232027 2
0.10044184743499018 -1.8992910508957255 2
-0.7080770962678606 0.5440725607322159 2
