-4.152300089686397 -0.4284763666579389 0.2590633184225323 0
2.952299929101419 0.9167160417184631 2.091250127207459 0
4.269273599248932 -0.38864260963183395 1.9979836949656962 0
6.680890362094924 2.0479329918663964 0.8891921414754291 0
7.657128371551578 -2.067329996965666 0.5355774804051465 0
3.363871752228166 -0.8331659767790182 -0.06341214825484975 0
-3.237476787641249 -1.2874433524732682 1.4149271501458898 0
5.34209701529707 1.5917956637316169 0.501638798810354 0
0.6642477890192757 -2.2214216760895424 0.10425432294388504 0
6.300594338552402 0.16563963721433794 0.8806603817086948 0
6.977028440043503 1.5384670112229903 0.9535400979687059 0
7.799701413624946 -1.0023035855628564 1.3769548042113522 0
1.4508754931928736 0.721504685150553 0.08049870382683832 0
1.2525339321863305 -1.2081131313212339 1.4852222463476525 0
0.9999939260521193 -0.16237694203129147 1.3243078449606214 0
5.853943192110361 1.0574907602699706 0.7949329218056517 0
-0.7235261208561683 -1.8835321326017629 0.2734960734066637 0
1.8515092942909788 0.6620043668988067 1.0144208661489693 0
5.33204227423939 0.3731732091780543 -0.32620692902749027 0
0.8948142367705478 0.35416062191889747 0.725563358190355 0
1.8781530526868955 -0.13858798281876664 0.1383088285791032 0
8.580781960380993 -0.22987321714742193 0.9196790200512335 0
1.4350514113534705 1.603323395049693 1.2515386430418296 0
0.4577791246069429 0.5361445817849347 1.3017402362973098 0
1.6588755619192976 -0.28418530446107254 0.19559629798843403 0
4.269107233477243 0.9475010648584827 1.3804784206963427 0
11.170843264016309 0.34008615048849505 0.9265600144671264 0
4.697601886088225 -2.8607473115500457 1.2873595763530838 0
3.236539153359749 -1.2592024421845032 2.1291888678891517 0
5.723246230352529 -0.7909743321330119 0.9798634790130702 0
2.6910746797271567 -1.4403978778765192 0.4626685475956195 0
11.726365745095377 0.2901052001089661 0.976540677039859 0
6.042715188455215 0.6615677714823415 2.034388648053541 0
1.8693959942341039 -1.4173185385793197 -0.14234131569112285 0
7.955086566184995 2.587242109995202 0.8481279359903089 0
2.2389077519475684 0.5138115311333686 2.0477277561169016 0
0.807768074766416 0.15342319768838145 0.10043344001494714 0
6.616899067741599 -2.3372723209974584 0.9033380141969234 0
9.049311754186384 1.0580253088743838 1.074481804741076 0
6.07796165648843 -1.5839622024063829 1.9243326942388648 0
7.449762403806261 0.39906708765731863 0.95940727833014 0
5.442850734519835 -1.0116552689400866 0.8973808472423201 0
4.655667984768456 0.268156544318662 1.369578635888499 0
0.0050717167524965134 -1.306684355985232 0.9828510178409811 0
4.916104565236472 0.08404920461997686 0.5362137604664847 0
5.402054271745783 -0.7676149691151896 0.2005343079843811 0
-2.5466105591009063 -1.149041247432467 0.9211811979073663 0
3.727733483353577 0.6288313673230398 0.7522017639988141 0
0.33807226289582504 1.3829032085818043 1.1666902357247548 0
10.781497750367969 0.5079049418844097 1.1333977079959654 0
3.47864996819428 1.4365980491590757 0.19066308640221474 0
0.47787634614731545 0.8391696361689612 0.8402193112762524 0
-1.8747648241701267 0.9452843939057006 0.2217509101098507 0
3.295027615956954 -2.8062396654143034 1.8917683271182086 0
0.8022930320096373 -0.38738883918783107 0.9018362964077702 0
-0.7112734075354394 -1.0536438689180252 0.8603509716755104 0
7.550260514256952 -0.6898548940504436 1.7940510091157895 0
1.5576045448583102 -0.468658088859612 1.1149315663160653 0
1.1001769627816165 0.30123290507442624 1.1187486278580003 0
2.5881474364603845 1.2151685341715275 0.12331704860584547 0
2.758305434571676 -0.7504200405870031 -0.116982797472033 0
9.621147750394659 0.48335749819353263 1.9470653606170516 0
-0.3714557523382678 1.760681417795132 0.482762420157549 0
5.409626720015344 1.167951040883204 1.3710623134343933 0
7.858425298349352 0.7376972302546384 -0.27731225609412835 0
0.9092002775943016 -1.2695726545585813 2.0645422671858045 0
8.586696416159619 0.1581715263648351 0.18460436197158647 0
-0.6522680008426534 0.8935826182415191 0.7118238213414484 0
4.693546941017588 -0.13476127279262512 1.5675982149203032 0
8.85448681407393 -1.2524196802115188 1.2228815930620316 0
-1.2557255317305493 3.3387965994811 1.5457155691731386 0
2.4318872804456104 -0.5151466003958451 1.1920470725944963 0
3.5319350416645245 1.3990053621339493 1.5027181450988651 0
3.2298194219351446 0.25691782800163143 0.3422915029169816 0
8.99296379417167 1.4094848741477792 2.098485962431565 0
4.458293673475716 1.1229363502099108 2.284335002675563 0
4.066386597300403 -1.075597471522085 0.7515263681672768 0
3.6752196286162744 -1.1992152649604644 1.2471943663412806 0
7.809850108468569 -0.6238535742591068 0.7783328665971212 0
3.9909757790513862 1.4993533910989254 1.230917871308877 0
7.204322585704798 -0.5885084403589335 0.8073477178818885 0
1.7866610588359573 -1.663977926674326 0.5237726291945012 0
5.1639318128472205 1.7232509159880016 1.131568011445987 0
4.380311834361909 1.0189632226066445 2.9060522186119244 0
3.5290756742580958 -1.53838446406133 -0.05543457247720718 0
-8.449145143119777 -0.06905697480418668 0.7392624261514227 0
-5.007305252647804 -0.5278422211749111 1.3765778105163755 0
1.5100193120583358 2.0722481057462367 1.1913967265866394 0
2.074851623602223 -1.1377201324547463 0.5606651335080415 0
12.156482473296526 -0.07969625145767423 0.48683077938864283 0
0.6171096313105409 2.0120712119817874 2.512698679822094 0
3.664302535255235 2.1503770377479694 1.5345959319692568 0
4.084501092092021 0.7616911020696624 0.38090715797482533 0
-0.6030929476049387 0.6187673099595971 1.5998661535941403 0
2.1384959744449055 0.3589785188268779 2.191346045859313 0
1.4927487908706052 1.6811000995434289 1.4100935621441524 0
6.430665919587994 -0.14431799271192605 2.0739153908073824 0
4.6889789460124724 0.15315639903086903 2.0918455580715047 0
7.2381703407506635 -0.7303059588435942 2.021889930973692 0
-3.378137149220099 0.8236376220156494 1.9357178571281999 0
-1.224013353481351 0.08019912062139062 2.249791584117997 0
6.110414221948831 -3.1603711404719803 1.3069613233684434 0
1.33240168813734 -0.32277651964128323 0.7707314560722859 0
-0.1434422357991556 2.6512529770834052 -0.34851093963446367 0
1.097909126411345 1.1993982085694632 1.6075955609235975 0
10.066442108065353 1.1305101474705825 2.1158896278251973 0
2.2870106213822416 -0.9959668284887875 1.7893404659498953 0
4.1704519393747495 1.2898173247258389 2.4928047025198783 0
4.6355193003385455 1.3275636632391632 0.4604368783921059 0
5.391159023767398 -0.6510047033760865 2.1246782645164695 0
2.954009138654631 -0.6469829759064372 1.3431661218443463 0
5.121169486600591 -2.061807238401008 1.9700862159637462 0
0.8290367810991848 -0.7857651842705455 0.4913586160721122 0
0.923289811075346 -2.2085606367472193 2.005387430803201 0
3.454256391644422 -0.2735289513875215 0.1084525084868444 0
-0.5830058330838517 0.9574254198499467 0.2008980067470486 0
4.716907965842542 -0.3550555084809109 1.4324137023192636 0
3.6846376738724427 1.777355684914177 0.5903536835080813 0
5.657804212994456 -0.8903922030427707 0.6909596168515573 0
3.1022652848689907 -1.3466592380023017 1.2584101481413612 0
2.1191930187445545 1.0665025267332777 0.24161325873467931 0
2.669190177595559 -0.6106621178845215 0.3680171982345941 0
0.1331247706898635 0.7367786935543492 2.1305204327545093 0
7.001459836002573 0.6699867695960476 1.9065778010868177 0
6.540101467982201 2.2288922816526027 2.787696713797215 0
2.498473439543347 0.2062597492682331 1.2348182911806271 0
4.8567952703543735 -0.7630917985789534 1.6664699585710152 0
3.2274711749482745 3.9231557496113325 1.9543151286099247 0
2.952078224009717 -0.3266240237492055 1.967242868000926 0
2.536266090858979 1.2222901104938209 1.7187048813037056 0
0.20986580056298187 0.4250340790955331 1.957590127448374 0
5.379648485700624 -1.2751196808883436 1.8969266582380082 0
4.322836633829013 -1.2145742060182083 1.285271874822492 0
5.809454650820371 -0.7712461737163843 0.9752690117393061 0
6.912691048903284 1.7156381847391124 0.8040504700852548 0
2.3955253046129936 1.9909937909798527 1.2525976165958133 0
2.836196286955583 1.8849570756683154 1.5047986351846063 0
0.669534511068397 0.18875604994587222 0.23499201730183705 0
-3.136817901668893 2.0380180750842247 1.1965194650083528 0
-0.42037926995588837 -1.0599194534919314 1.6797652141829285 0
6.076149105137819 0.46284856527985874 -0.14648998378930433 0
0.7847109538404653 0.7342277361802443 2.1488621860548456 0
3.2734909727718553 -1.2111784042711047 1.8329111508532945 0
3.6234568868272334 -0.6990580627309966 0.9848533399343397 0
-2.6979128893887836 0.5700279562034769 1.2136203511116708 0
4.5960749551002795 -1.8907186190016676 1.7154414562367393 0
10.193476375705202 -1.3210287834704213 0.6793389469765145 0
10.39599148435691 -1.1322017019201829 1.1534422690041148 0
7.319474283533168 -0.5465148923775482 1.8065026178192651 0
3.436802890524824 1.5444452816602823 1.3579844213557402 0
-0.27941573202543957 -0.47396738483027046 1.0739980015209603 0
12.575492580083946 1.2571792005829916 1.1913790735679302 0
2.531519512863528 1.375202267715431 1.039784657521113 0
-0.686275532608259 0.5436068285594482 1.7178535606468244 0
4.362571031025949 -0.23062178864831634 1.2209856588921468 0
6.441091569862664 2.266252854707006 1.163484772215669 0
9.04092160514936 0.6169186538102227 1.6319242775329017 0
6.064951935268899 0.23387851702583298 1.937719913143245 0
3.7793253993262415 2.594604717127714 1.9954942815225665 0
3.407633004039986 -0.2995832878058998 0.9791916365140411 0
2.6368373487113086 -0.6553962330677099 1.2490335809598156 0
2.0608855982080243 -1.0036787362783886 2.4744454557747764 0
1.7782561351829422 0.37911635492153123 -0.24962438742849624 0
6.157104484742419 0.38610739100732 0.9968356117667019 0
6.645553741970921 -2.751887860187493 1.8802634127747133 0
0.05113804608476613 0.8368593829286504 1.6413034392904318 0
4.884888515814251 -1.2296977419848099 0.15631191999291272 0
0.5945832550042951 -0.5345392736205126 0.6004578894871234 0
-0.6568058170274824 -1.322012172079422 1.0302492535517205 0
2.8974079122853413 0.3543347099323974 1.1404758394048222 0
7.231306822599521 0.13449138704904556 2.317196058988978 0
-0.4217382331187385 0.015241600033504402 0.09634649865477174 0
-2.5278511155955448 0.9709851423760963 2.580657542255601 0
0.9625298328329674 1.4819146510002796 2.0243069857542126 0
6.607440627709895 -0.14640034086960074 1.127855020072982 0
1.381240964367088 -1.4034228658676646 1.2553514749527954 0
3.2343797966450962 -1.473936210590205 1.40610613847317 0
1.3843125434241403 -1.7508856729551963 1.0131394453376938 0
1.3545325939793686 -1.9270115527064902 0.92438316940386 0
6.150957627214889 -1.0127947212838004 0.9123598608700642 0
4.154894279492817 2.617697411282394 0.70241036088985 0
6.1595860927172135 -0.40150392838176646 0.5524402202609683 0
-0.4921812800817875 -0.9335629184601152 0.44646838183882787 0
5.41562885766085 -0.6996736105619807 0.5999983775657443 0
4.826643611603914 0.00729061489839207 0.1304979753661526 0
2.6316179684259957 -1.9015898668633477 0.6851855401744569 0
6.079145594693355 0.5216832387225327 1.5299866948976033 0
7.402485961466146 -0.1682882382671009 0.7558638676186273 0
8.397676178232281 -0.43542368064584797 1.6107526532659722 0
1.5632517932149022 0.1470682171890019 0.5038661674984357 0
6.907412736772136 -0.7127453351424597 0.5482635828263458 0
-3.6556684164136346 -1.52616950546635 -1.166547204346617 0
7.122734765190774 -1.092246029542656 0.5632630334603135 0
-3.1123252200908107 0.8454472900756371 0.5570543627572145 0
4.495374483647033 1.238870923916794 0.6684650204085678 0
6.189935706145727 0.9932740738201721 1.3026884991371817 0
6.6057989048254235 -1.2951680353750246 0.8481232342799053 0
1.897533169649667 0.09067738112240731 1.2742387944429274 0
-1.5073343979028744 -1.8223446526645348 2.5224043125728066 0
-0.6377926975581634 0.3873610703672052 0.7470849535845315 0
-9.169139911038346 1.7194124710160437 3.9918145605063233 1
-6.710225934345019 2.243795432870982 4.211112228995282 1
-6.18564660798409 2.19249032825964 4.678786108021679 1
-6.99862307995543 2.973753288255799 4.549765291882133 1
-8.979381482869675 1.8701666990970975 4.592801191292902 1
-8.07735789990992 2.5739922159139157 4.359970770190699 1
-9.978248021574162 2.6446366444061056 4.141672063942992 1
-8.588434949023643 2.651672245175781 4.898702940278886 1
-11.288181284527953 3.236932714449283 4.526521875988278 1
-10.49653367224806 2.4505200395167965 4.676175421332339 1
-8.410719375443191 2.7688454390011366 4.7696921242384835 1
-8.45003818780201 1.8375007800900929 4.673418873288925 1
-9.873574122924097 2.5818106614429 4.6123082635671215 1
-9.966014934547193 2.161157656707738 5.067049068165009 1
-10.663820731263616 2.8376115101287724 4.3180941492113565 1
-9.038749473512599 2.102100248945925 4.702665363393353 1
-5.822796389713601 3.533400514485777 5.136656216670908 1
-7.691875608786388 1.9572442760221933 4.119277820115421 1
-9.45408871038563 1.7540543935385136 5.012838734118713 1
-5.85451117363629 3.0363137419974358 3.8501837606626585 1
-11.888536087508049 2.9884592749748933 4.488736911032054 1
-9.184378438473061 2.629805323953925 4.741562099574326 1
-9.67677500075123 1.6274918368999995 4.520387087037224 1
-7.251360460037722 2.7102985490948734 4.655435637627816 1
-10.650012221550003 1.6528365791612094 5.167194911896007 1
-6.61958488030807 2.2084339968787594 5.0887013831731975 1
-10.213893011154546 3.081729397383272 4.758317810427241 1
-10.135440973775054 1.6157750419380208 4.913780402692841 1
-9.999707022979502 2.2087350309741822 4.441616864212187 1
-9.008200807620295 2.4517152431861895 4.623621493589355 1
-12.089302517642054 2.325749280941483 4.582909348933805 1
-6.698072340291093 2.907156138844769 4.321560984051639 1
-9.08045229924907 2.459591794500324 4.75793944757563 1
-9.922676220660893 2.086675664988522 4.590995034708215 1
-8.251191443820831 2.317706457905081 4.5015466386102005 1
-8.587970241187318 2.6596244428855975 4.850993598450202 1
-8.390650219419186 1.073839171995272 4.59007717626929 1
-9.734246470754552 1.6043896398798483 4.590722554073713 1
-8.682855813057209 1.6512377977624182 4.982610132093235 1
-10.079092695568995 2.3705327689268585 4.612112152431268 1
-8.004753173603726 2.4487805946980283 4.949414909035981 1
-10.38910410760678 2.397212900110679 4.327943974599054 1
-6.687301997712744 2.5618316373519274 4.3409231251332905 1
-9.443028901063306 2.0248578062594547 4.555988883784027 1
-8.903324453771388 2.0827073711932527 4.727354089627288 1
-8.479057275028088 2.172053665843719 4.791192294416052 1
-9.02677631256496 2.250602091672109 5.048700393127071 1
-9.061868009712459 1.7485971582758242 5.09291898146468 1
-6.968202941208204 1.9602117815372242 4.696474429589155 1
-11.469152087033661 2.7361683454077657 4.595681345560538 1
-10.98860777641273 1.9891526274946927 4.946404883536484 1
-10.653421771307487 2.461765625806727 4.309469016636201 1
-12.171791462390136 2.089116208380541 4.578642901209248 1
-10.427461656552229 1.377012746136638 4.720697964066173 1
-10.096990559536826 1.3895659198404213 4.750656809655649 1
-7.524461091307279 2.608239839833608 5.177041981609667 1
-10.198178084938357 2.339825401975842 4.2770791036455105 1
-5.2708909581174135 3.074601282431513 4.300456672632667 1
-6.77209371877891 2.5775132367541245 5.147884671080762 1
-7.026440934801702 2.3379436014477823 4.598608682758104 1
-7.868105825506091 2.347982958358714 4.188566948507291 1
-7.776412383666715 2.5671442757683334 4.162939980770173 1
-6.4726057577183 1.8759248358928582 4.270774489945168 1
-10.730087431800097 2.9211742027509255 5.069689483056921 1
-10.457039335889547 2.018157359407606 4.3403046416966475 1
-8.264607686775943 1.8315431530374995 4.714051161467369 1
-7.129345239470911 2.3393414147003613 4.516765193422196 1
-9.976297821137388 2.717987251078223 4.98975826453532 1
-9.210048368801939 1.8788403784761059 4.994585434475223 1
-8.86346064840913 2.54553085979672 4.201438424531962 1
-8.22806816838739 3.422054410626444 4.47810354501893 1
-10.880861368987684 2.1491712751427396 4.354709405762382 1
-8.620033823252662 2.6941977454859893 5.063212396118819 1
-10.884117030547845 1.8607640988435536 4.376817002893328 1
-7.254620917042704 2.221456550268911 4.612435158290526 1
-8.397031837170697 2.24829597276893 4.765812366539609 1
-8.448189084416152 1.3075282982851335 4.393078252903227 1
-9.377163093333 1.9719680478120754 4.7333716791735165 1
-8.74865422756772 2.5130259459148467 4.86800399792872 1
-7.489701759165065 1.9768616114496873 4.148928571020763 1
-8.970519262597202 3.2277657632068943 4.141121980225281 1
-8.361713406517232 1.939716738644531 5.09236520103664 1
-8.01774925052488 2.452298722436047 4.899789440190391 1
-7.930899216715438 2.415082818031248 4.680190362208637 1
-8.63086570667632 2.5851810399065105 4.726120973507673 1
-7.286410225528988 2.2078491573904127 4.756460011426759 1
-9.114747066814546 2.0761158507246753 4.51150498008985 1
-6.837806846636601 2.1125060623668133 5.061404270044239 1
-10.747736918900433 2.1878029643905137 4.491044923289199 1
-8.146851387032791 3.1413953520778852 4.639909087607334 1
-10.823975464049697 2.181094673689052 4.766903879440444 1
-9.631620094427046 2.560521055125439 4.969540063265307 1
-8.054828028542078 2.4865876389834236 4.956069196961451 1
-6.9704158037668265 2.186598427050458 4.213437238515101 1
-9.828915509176982 1.9625357336632905 4.487752205911833 1
-11.15781145616949 1.4219262974053049 4.877060998932285 1
-7.432027181200683 3.1586570725163594 4.855801461812349 1
-9.947289563866956 1.3997062415919475 4.536912263627587 1
-9.557861446202596 2.531234726311425 4.748932508999299 1
-11.41937504740351 1.8457564385501475 4.413268078476607 1
-8.50141919430405 2.6634986107085394 4.854279225089952 1
-11.131023854197435 1.433113793941635 4.610739165592634 1
-6.6133338410829765 2.405477024297468 4.582108633322509 1
-8.3118688295819 2.109122451656096 4.981536277951164 1
-12.183754148381311 2.4032196982974074 4.9412699348096085 1
-8.439139863604074 1.3776147517550377 4.403923751085375 1
-6.735730923965669 2.4359698530170815 4.569387690944412 1
-7.594005620603561 2.740340354357022 4.757714596211002 1
-9.161592262268027 2.1778719010738623 4.402789706481232 1
-7.308477386889952 1.8054692175944083 4.745266046137774 1
-8.002934548298514 1.7650886591466288 4.956347327525989 1
-9.294075087298731 2.708040567301052 4.1516834482230225 1
-7.609712220821079 2.8170653835667183 4.371221495966244 1
-13.525257634760324 2.3212662759053626 4.56172775690386 1
-9.542771512131798 1.9318653579101006 4.9835941794249266 1
-9.076550181057064 3.1223820092721213 3.891984461427157 1
-9.449542874770989 2.6014673632133327 4.69563843113968 1
-10.618269040165194 2.327989449961685 5.101205037740885 1
-9.16775107234978 1.506853564263007 4.40997398688592 1
-7.454712570960649 2.3960157921903145 4.551119482840522 1
-6.895052222973726 2.428442223296774 4.709065973651846 1
-6.668600575067465 2.1944177413569297 4.775065966475247 1
-7.481352289365986 2.564581866481576 4.683835834203905 1
-8.07569781178854 2.813579279983915 4.612597989988993 1
-10.65078337374826 2.5975077871605237 4.419099534422801 1
-9.286367985405462 2.398268276876073 4.522737782704203 1
-8.606288973118913 2.2783136282296907 4.523094121835017 1
-7.075705902515681 2.039133920727007 4.29309593549279 1
-9.128503215503542 1.2500002608379042 4.76832920438817 1
-9.252736364684235 2.528055833411687 4.49274801862215 1
-7.79942060271504 2.8390418854453277 4.022589824231908 1
-8.828198691585 2.3677213881448136 4.701423092660435 1
-7.356414887718056 2.90611745278159 4.6645931172645465 1
-9.755276107296284 2.5301923272999742 4.406206991914656 1
-9.602248218379929 3.0815407667124 4.258343115161606 1
-10.112569133726803 2.09771672980394 4.312655261956069 1
-7.460190834179287 1.8747930862834745 4.772615357473159 1
-6.636040140099186 2.2582775583394192 4.3084668481060735 1
-10.33304976437155 1.190025911714566 4.438512494989237 1
-11.668588338430762 1.6828599360105434 4.718300834314035 1
-8.59958978657271 2.2049085914881488 4.50986325502397 1
-10.258930179856579 2.6072241659330833 4.389822286059769 1
-9.49436431685573 2.531944069680958 4.309274241361136 1
-9.001658203004109 2.4294574471479624 4.891654237689441 1
-7.950344525397257 1.9291489840066434 4.524308916861061 1
-9.972982217372293 1.8927183759659911 4.904006341375134 1
-10.403564964304106 1.8113252959485429 4.969346978133236 1
-6.34649553393144 2.1223471347577543 4.784450608595853 1
-8.323027304615737 2.4951927584524523 4.404271276988535 1
-7.225968182941571 1.628590760167515 4.522786561619672 1
-7.489534825261725 2.45308051689607 5.000683912969462 1
-8.383484631115518 1.2663633179667886 4.243738041958291 1
-7.775364681719081 2.088436077588709 3.9164552275173867 1
-10.141542848237595 2.298940829495459 4.497784836123564 1
-7.404652550428329 1.9198035007702592 4.821988499849767 1
-8.701791632821358 1.8511224381432638 4.337200742323485 1
-8.92662935775181 1.6739691541340826 4.530839413696058 1
-9.844462801440704 2.554382605390187 4.372791132673978 1
-7.357440118374258 2.3523268718730472 4.270969919011474 1
-11.676598263661376 2.6259217888583697 4.357450531991679 1
-9.48000938682599 2.5453034755323825 5.122444344863318 1
-10.109359036520367 1.5465276522572955 4.455220616067591 1
-8.55605287245211 2.541237120986614 4.839919231432873 1
-6.836324890733467 2.9288961456932765 4.759128656314085 1
-8.5735678764163 2.1303418429143712 4.252099455023761 1
-9.154234581365795 2.701040478975421 4.482814596694187 1
-8.482573902313069 2.072957191299043 4.524537088522512 1
-7.084034036509978 2.7222948615248046 4.201072489983524 1
-7.718952800658133 2.741148963195803 4.266254130026178 1
-10.492313131845046 2.2383640304268804 4.941908244847268 1
-6.842682546176874 1.615043728330238 4.898994051030984 1
-9.633363056913087 2.1899370207644107 4.331607136230996 1
-10.326670225915725 2.6466043610555507 4.9135095642733315 1
-7.446418308214716 2.7327747145900245 4.331318016338744 1
-7.939814237442736 1.5557483862393542 5.231163073042323 1
-8.780992604459353 2.646605305286176 4.734582449691549 1
-9.629733380004406 2.616213783935818 4.537673401529908 1
-7.312232137758023 2.1381267989540795 4.474915496088985 1
-9.271786650298582 1.6559317306682382 4.444754697414865 1
-8.341620412270515 2.631107927979488 4.417442885463725 1
-10.520286244157848 1.905448956916239 4.454337628879487 1
-7.805546639410812 1.4653998853745298 4.534992176240392 1
-8.907824862150795 1.689169395393997 4.939335674904899 1
-7.567027538344066 2.602307792788441 4.394001440777538 1
-7.716944654924232 2.306494727852585 4.56382977575118 1
-10.018494291740174 2.2008224891848047 4.095981278546104 1
-8.868992012736443 1.9521949684341728 5.015283641494724 1
-9.526630694786457 2.1791644511159274 4.876022520887299 1
-9.967260536052724 2.6156384236768178 5.088006299933761 1
-8.453757423854597 1.742377512858832 4.648526901356747 1
-6.6351767624383164 1.792857365739891 4.778126611820432 1
-6.41283095682595 1.9234381695714484 4.671133914175857 1
-8.443055728546032 1.4082054308120888 4.420208709710184 1
-10.59090509267388 2.1530441255898456 4.3667239201230545 1
-9.977882960539272 2.8852530547058697 5.00871597905806 1
-9.577636071143754 2.7515072172123953 4.470532178783528 1
-7.927054256406848 1.9083687283859034 4.946845009466082 1
-11.219210906680157 2.2756159918940044 4.420920799338046 1
-7.896371161906075 2.40890468024515 4.7657979670464305 1
-9.075253342806727 1.4391838611258887 4.931430731386307 1
9.196996066503836 -3.798138711565345 6.62536233684286 2
2.1843248006401748 -4.878148233292182 8.914864990022107 2
8.981662106614763 -7.409606050763686 3.2042288001137416 2
6.246387056215937 -4.875290825121811 4.024686090275311 2
8.403445893294446 -3.0051095048318732 3.2469569357280785 2
-0.6632043154116865 -4.879299645369333 3.7071658448038867 2
-3.4007781232807854 -3.3885107365801495 4.81089452115774 2
1.463967535082614 -4.5106749252051435 2.545799909405694 2
1.4469746267413806 -5.299461148464431 0.501683532722601 2
8.21791599386852 -5.438137760144201 5.799014188565332 2
5.993395015019816 -2.2752263912565702 5.832101766150902 2
10.768557527108632 -2.202493930041046 -0.17779838706499618 2
4.649392609880808 -7.310192609789829 6.8880579804819195 2
9.894691312909906 -4.995130137549963 4.5503797063261056 2
7.687070421984806 -4.568200860822089 -1.097033531442471 2
8.411509640453625 -5.606923483799559 0.6414299549176699 2
5.997776019132432 -6.059654465878734 1.7451667863082083 2
5.1479744989453415 -4.957494835553218 0.30553267063849 2
11.125373280747375 -3.496794143874604 -0.2798909200451827 2
2.5594540885190136 -4.666400896336763 0.2925233138746379 2
12.02446246889385 -4.682428151411958 6.0297700994974175 2
4.794551496409384 -7.320736237732582 3.3156711800378544 2
6.504515286247169 -2.050865557568332 4.4126101246830345 2
10.404903732142412 -4.8735872491555945 2.6570433572470638 2
-2.10486500642641 -6.147544442536539 3.5919914527634695 2
6.764602212002386 -7.447234396170863 1.456804942661391 2
3.2278778291851706 -3.684231235909554 6.588888843559095 2
0.635488568650679 -7.710880703061742 2.7122209215215167 2
3.451087656399091 -5.089960626362361 3.4554019381502625 2
5.0121244233023745 -3.8613525545489287 1.6849615766551407 2
3.851285171234028 -3.891894703810506 5.321496313107576 2
0.4666138618951381 -6.953801326013448 3.3266181244940096 2
2.505828965628433 -5.294473944776807 1.051035975372423 2
8.033819809744024 -6.124355740189477 -0.6644975269010431 2
5.57687592882901 -3.219786338850655 -0.584870155135425 2
9.263204947819615 -3.110462527749984 -0.8070161741265265 2
9.470465484479302 -4.369297878469106 5.632760957408918 2
5.5466309152873405 -5.067997117482392 6.2219629989103655 2
7.7239915867499285 -6.546831504410787 5.695611082301504 2
11.075554407557412 -5.655383144430882 6.48434089655008 2
9.66460953933885 -5.430762404758734 -1.1621553853571749 2
5.40415245848942 -2.9013887352113734 2.6806295173871217 2
12.870532276353268 -5.769090700310956 10.14996606319624 2
10.3007118144366 -5.634411051165658 1.992319397224559 2
4.814801179786695 -2.3590656828631316 2.580431176128887 2
10.475704502599786 -2.5336828446547828 0.9280695299924178 2
12.408269015433046 -3.05241218609491 1.3881522166459634 2
1.9285895546587 -3.908128437778871 6.311670445932823 2
2.8637846597553818 -3.3193821129582983 2.7588575921639427 2
2.905576686349252 -5.237670972578618 5.436139556954325 2
7.046600624492596 -4.5761699166652265 2.5880487856714947 2
3.494013223628292 -4.391519310812137 1.5978605055793114 2
2.228987981535787 -4.5590452262607055 6.415443116169355 2
6.033672807336152 -3.638854925491497 2.923661673706937 2
5.732383870144189 -6.2272286288753 2.036362630480317 2
3.190286322438932 -4.757735927146528 3.183695030666391 2
6.135158079604851 -4.60077466190064 1.5394550685913035 2
3.964055615713801 -1.7928943567108133 -0.9381553576703583 2
-0.45074425035492904 -4.556919399831713 1.892020324847096 2
4.868477385197072 -6.613493425333756 2.2033518311684492 2
5.080718124320749 -8.08273605958271 2.8656432015018116 2
6.421387379661146 -4.618431064703892 2.6296222993951277 2
-4.1379282755394495 -3.736473191773203 -0.8403108880064192 2
7.186962477172517 -5.265104250504416 3.3531753770015533 2
7.498328940231305 -6.887017702338859 0.5575217620108641 2
13.512220231094389 -2.868596532655846 7.42099569533243 2
8.706869756869343 -3.5185523984632434 -0.9679388567162919 2
11.292193053526342 -3.7841957888043685 4.0654935235515 2
11.295346480411942 -6.982080314910524 -0.38460958611939544 2
-0.01772604862864835 -4.889253066157569 2.8244437811234793 2
6.332508970372799 0.049617428198173386 3.066776689282181 2
4.659399833653709 -4.217094921354364 0.9099853044378796 2
5.264452923678139 -5.4658213417590975 0.7009531041497068 2
8.342470182698484 -2.9892676520574115 3.666811261984556 2
-2.56886184334825 -5.864928025587645 8.120554819129758 2
5.503409178008111 -5.893006531140475 2.4889260427230795 2
15.233835361031606 -4.561868239148479 5.129868293100957 2
0.38627326237066306 -3.2641590978596264 0.05573771010208306 2
7.4327095111381976 -3.427496998524117 3.2216460770235567 2
2.883267426465017 -6.2149071497902915 4.391776498087814 2
0.5490446586810016 -2.812468100382995 -0.09398020899202875 2
3.6240363437895007 -4.812193952176564 3.1631120707091243 2
0.8849206765213005 -5.210381964174089 -0.6657206367705322 2
8.15122722487601 -2.764861775372535 5.341799900928631 2
2.6223463436871386 0.14049302609015157 8.506166266544145 2
4.452199657029773 -2.6277037514236117 5.2727703160962935 2
8.418364147293863 -6.182877236750606 0.1310304317505704 2
7.249023311974815 -5.349817988206098 3.450913588271733 2
3.883851504640515 -6.5789562168943085 -0.864596433000898 2
9.726165434310236 -4.87050018795936 11.362423258792882 2
-2.2135019052434615 -6.200524078726235 6.034115388024686 2
9.301392508267437 -2.8558550613702844 0.5719051818065468 2
8.568806065730735 -8.421980731769397 2.3631045612073063 2
6.126365354199152 -3.61665148049181 2.356006860652972 2
3.383141759012932 -4.899611337804005 3.464483740261761 2
7.8162040738600895 -4.737626985335733 3.550448618552133 2
9.0785881743789 -5.142623908350483 4.2227608268014745 2
8.55073473471229 -3.7514081751263166 5.136671989494433 2
2.9843458110972514 -4.247760387892679 0.09887241892243726 2
6.511932819383525 -4.659704582530026 1.1372234158605532 2
7.030948309137622 -7.3718644705454714 6.619110633754988 2
5.425731437637259 -4.023701808871417 3.3149941535877887 2
10.505465686321028 -4.3631374913066505 0.3158868672593824 2
-0.9292755874966492 -3.415188914806949 4.522028530202783 2
11.893896435730255 -4.501509116971454 2.8862317071425907 2
4.310045389485939 -6.673584700104215 5.002689577699087 2
7.191923873744368 -6.462384527184361 3.735993389769856 2
6.564541054611579 -5.523176202063469 6.585069528418404 2
5.877796172414687 -4.601427979864877 -0.9628904897486112 2
4.137143183764339 -3.726604290209728 2.530131307864064 2
4.478397268873244 -2.685104877699545 -0.7430038733550468 2
1.9814958800485463 -3.386776132539203 2.0059901558318503 2
8.871488116615506 -0.4499165556428162 1.8883418770802884 2
2.388692773869161 -3.316118495648431 7.214145136248842 2
1.9849459869205055 -5.657794482464174 3.556792965029539 2
0.735368737288665 -5.3723485166822975 3.9169161215867403 2
9.266591195539704 -4.842810597688026 -0.006523852562500654 2
8.500732058203141 -5.277537504942453 3.160968487454773 2
2.256114395499183 -5.768286811637411 8.633661314340646 2
5.710903763156935 -3.5286204213683092 4.6634274991608144 2
-1.3153421236893514 -5.861773103946107 -4.0197436846588275 2
4.8493175255623076 -5.064125072758941 5.427344687980227 2
-1.5937540226375173 -3.9472559841206825 6.498578848646892 2
5.844783229550404 -3.8979499017091834 0.04417661256133876 2
7.168848725154045 -9.071863992071727 4.293731478182007 2
2.996421806238974 -4.590854242286729 5.768676386100472 2
7.829538238802685 -7.767800214649488 4.3368141428746325 2
9.499043332506742 -5.861057006386775 3.891418024476325 2
8.742478067613892 -5.962939710046432 7.152072085687887 2
10.118275702071891 -5.261753141197313 3.173180678323991 2
11.927841048042183 -4.691652227050391 7.93524985087233 2
2.5381054804475354 -3.466116416498089 6.484469187230346 2
0.4280897051253323 -3.6744755982240402 2.475204313793485 2
8.710304620367017 -5.856718677972143 -0.7584608470713299 2
9.41284272109785 -2.2894395417111455 -1.8568560876695566 2
2.88510633421294 -5.5634102154197285 8.547304047408494 2
-0.2469786168753556 -4.1205239308004 -2.8861558292173646 2
0.7831886956113161 -5.590995328468108 6.4544184655128225 2
1.3196106671215722 -6.836458518118525 1.3081298297448696 2
11.064990950822486 -5.292673494040493 -1.0819344900352839 2
10.127788957091145 -2.975640948370175 6.086035755941419 2
11.729243276333623 -2.72765030706936 1.3863433212638565 2
9.319504462733187 -6.664042001421207 0.7869085061451564 2
-0.8706096882556986 -4.170542789797648 7.097449633627432 2
5.2986136882549 -5.761952834345173 0.633416955712379 2
1.5895532405441086 -4.964290012311039 7.701430258944987 2
12.78563175119097 -7.491084947620765 -2.4804248575677095 2
7.817223348996874 -4.797100828053665 -5.332447380797143 2
-1.8298805416730364 -3.624144579383154 3.9993813430882827 2
6.904547574410287 -6.245169391227044 1.3622858297914626 2
9.519925284332903 -3.3029282668239426 5.662563954891869 2
3.6492286508488343 -4.710171157973486 2.468373248521672 2
-0.3441446502825176 -2.5801375781797433 9.487486245729826 2
7.524516286181715 -6.824286503232101 4.768449670029769 2
5.300859926916818 -4.995651595165346 3.34054767813479 2
6.754936433935952 -5.226365575469091 1.9073361726478668 2
3.8346895108847048 -5.132081177943013 1.6918071011561442 2
0.06670265595848957 -3.0397076279829958 3.721313772341838 2
4.647047116840977 -8.165235989516447 1.0569984378387782 2
5.159484805762461 -3.625761935967005 3.827835605479459 2
8.073656401759639 -3.140548818978836 3.9222991084098764 2
5.618772456745536 -6.585260399481699 8.405776584279995 2
5.088258083670343 -6.6874403603246275 1.035813493773158 2
7.349123770922265 -4.549841563832537 5.484955007545125 2
8.133461677957234 -3.877647621741321 -2.2986923997151383 2
2.264691160762513 -3.638219121090917 0.09578510093409376 2
-1.0638916459995622 -3.7557144312548836 5.141776128944276 2
8.298363790495415 -3.3623010728213605 1.9824478746532295 2
1.2064525945035474 -6.147615229531167 0.9689343641467429 2
5.931071818336605 -5.842080508881255 1.0514824655764596 2
4.45019657619154 -7.016408575057561 6.9383287928391315 2
5.68847081025172 -6.8297336228332775 4.736822333881934 2
4.200049694520334 -2.540419291805183 0.7378506486816514 2
4.737331622955433 -5.008364907881245 2.46232528698018 2
1.0350715627310123 -4.880976494106009 2.504535535281591 2
12.385097855207743 -4.622844049450161 -0.30162993092928403 2
12.855025925041563 -2.9625467040376234 3.1819408592878733 2
10.53479409151104 -2.7934800341838377 0.9315010590137187 2
7.758485788104955 -5.442118961186066 3.574337827334318 2
2.5409675210603306 -5.8008001661441835 2.2245205962675243 2
8.001588728401014 -1.453502174615089 -6.196216633110151 2
3.9340044693042833 -3.5520664549283065 5.048789100919558 2
3.5787867543439833 0.4400253281709601 4.203275433319367 2
4.473673501939378 -4.192521109219764 3.501085955009068 2
7.436667531811294 -4.413593418646721 0.9575754512787951 2
3.229740219578003 -4.074083695877767 2.9138936811964173 2
3.0745506739780475 -4.970270476322222 6.240890156659121 2
4.880069706948868 -4.649000147768765 1.8016751083208054 2
0.755121489565731 -2.1331249641206114 3.807530613800143 2
0.5155240790302296 -4.4189357110002785 5.1646536065034745 2
4.035899465316998 -6.216730938784156 4.651547508587466 2
3.6221963934518797 -3.190379022297317 4.1651381159142 2
7.955353298678143 -5.783636446599314 1.795985884439219 2
11.812256445318642 -2.6151300071297507 1.8067419423260713 2
3.917890134075057 -6.947680086273879 3.9254832527655097 2
2.75726428092197 -5.816431402158543 1.0171065490331594 2
-1.8604326657537378 -3.9091573655497838 5.661420303659687 2
7.233384157989041 -2.82487035329839 4.228713247348594 2
7.5896901714151515 -3.8631457117318 0.5655820998352623 2
8.352602499052026 -8.21511862141996 3.3165609629093917 2
