-9.031323962821636 3.04857467211488 0
-10.410303652890136 2.4123486056041714 0
-12.520699187878805 3.3985365107573613 0
-12.077009820562019 2.736948507383726 0
-7.863884218298855 2.195616077217927 0
-12.50989041402029 3.451119968770025 0
-9.298260158114585 2.4762632023705655 0
-9.033811580761709 3.143868356474942 0
-5.829586610577245 3.249704847732432 0
-8.829065334651002 3.0162504419988423 0
-10.605374051903949 1.6634389419846718 0
-6.994763698088427 2.7302988355908915 0
-4.673899127371748 4.114166950858305 0
-7.869818234640509 3.154362488931445 0
-8.624627624389861 2.227404638419509 0
-5.7341125682305325 2.113771053834702 0
-9.264811959852107 2.816111447701868 0
-13.458338307471006 2.4227603076528283 0
-10.398264056272355 3.345991742025104 0
-8.970817383731202 2.7518426512143015 0
-12.44220738067227 3.1156519467119606 0
-13.785140094418711 3.0504615586018824 0
-12.808798403446676 2.569557275989356 0
-10.246967337135839 3.476181777008006 0
-8.689030491115055 3.2567019085689997 0
-9.765801255892768 2.592502783832666 0
-5.9552415408498565 1.8533725516688735 0
-10.26620893665143 2.4626587408930014 0
-7.905339853997065 1.8266621363944964 0
-9.921698066307517 3.246584439409777 0
-4.297333500915131 3.449350709860763 0
-14.0949554975017 3.247703406009442 0
-9.52734009199629 2.6050279650455552 0
-3.626461210625049 2.1499627714130765 0
-14.663936850590414 2.290452208667671 0
-11.351845682541331 2.7104661291907957 0
-10.340604819076162 1.9662124984092584 0
-6.263475022064558 2.516502726899228 0
-8.90024563659096 2.223856161774886 0
-9.54721065595916 2.8375541034804312 0
-7.527004729054443 2.5985074536760275 0
-9.269772726415756 2.710673114583431 0
-11.736837185679619 3.1708211535788595 0
-8.801365696209158 3.2326159155023184 0
-9.345961557060194 2.3092669580215412 0
-9.203224373405199 2.589741957069874 0
-10.933254273743914 2.518309063757153 0
-13.045703359139386 2.6253656437566195 0
-11.46013997392742 2.021909365861743 0
-8.195721630626016 2.293086382141262 0
0.09055183711375461 8.394408849384746 1
-3.370915774017707 7.252841894571689 1
-2.7087975062249217 5.512115857636289 1
0.9103196915343932 8.783864080302246 1
1.4773334024249074 7.8345150968725825 1
-4.141899503930503 5.621524586857934 1
0.04475898057399441 9.19007843890589 1
0.6582285530718103 10.023607868545898 1
0.3654761060825733 5.104599505625723 1
-0.539314039109821 6.145694343233545 1
0.19117754598155168 7.463122925650437 1
0.8972604183146373 5.297489402502292 1
-1.1102099529622729 3.3987685193881285 1
-0.2869031557832047 3.9421874168200755 1
-1.6913333219783795 5.952866555044674 1
1.4334918902362839 6.641699156817648 1
-1.0499526308640035 6.7350541518590985 1
0.18189828667300606 7.058008889986797 1
-0.6914620507206367 6.336174602096496 1
2.003947022424779 8.808393739389986 1
-4.148849093938084 5.494314601160236 1
-0.11065577441229073 10.0161569072641 1
2.5197118290315714 5.7462691740744125 1
4.135419962468939 7.906455993459559 1
0.2509904228216256 5.926066340029694 1
-1.7983172893010906 8.127675500689204 1
-2.4205344988634523 7.590549753018631 1
0.07258385373570853 9.164733582282857 1
1.5261076460849667 9.190648700240848 1
-0.5469878303984088 4.582168858902369 1
-4.5631603349998775 7.581681128705489 1
0.8010696017148284 5.7379219663085514 1
-0.9870382991319838 6.524764267522784 1
1.5765773834935846 5.856768408922156 1
2.7743839649273645 4.729421618842603 1
0.272060906429168 7.850189170062044 1
0.8483721369047561 5.765762502045256 1
-1.6913215191538673 7.545697146368112 1
0.4727755515504731 4.575715638386944 1
-0.28077638957058276 7.008230270592351 1
1.334745264014766 5.386108614710015 1
-3.8442852804697134 7.398917634802412 1
0.37908913621972107 5.7028876749851865 1
-4.024937925255532 4.147602304105164 1
0.3357105754394673 6.487630064926145 1
-0.27007715239261243 6.961869150472033 1
-1.2850682125345574 5.689992926104302 1
2.0276227249485466 7.023150559784657 1
2.192804444238479 9.188194870754906 1
-1.0910395401908 4.014250796344509 1
6.907761760255181 0.4994675008437972 2
10.028102385541928 -2.41343047797767 2
6.8489304774054105 -5.026784264523032 2
9.150845483646322 -2.1491179945928027 2
6.154348713228333 0.169156892069378 2
6.648407134842338 -4.344872648016479 2
7.272140201071573 -6.20961338725303 2
6.269717738066682 1.3261252648186512 2
7.147411585931558 0.04928244639550461 2
5.706137403943154 -1.3039904922003371 2
7.717787376839807 -1.860686473442775 2
4.689710706625549 -1.6985971866418188 2
12.205646516946286 -1.1961529969241211 2
5.3300397149853165 -5.183802950364038 2
8.580970130842196 0.2354318549280512 2
8.348370975335207 -1.385271945709007 2
6.486743044851553 -3.878312942356827 2
7.2742113570360445 -3.9384726994338157 2
4.23542718948673 -0.11255263339284038 2
5.892061597532463 -0.9784389034188036 2
8.78150475941607 1.568942184445532 2
7.422685012741391 -1.1638179205269896 2
5.036987456058592 -1.1128153418801006 2
6.170922121372783 0.12214270281434958 2
7.362648397265513 -1.158622537180528 2
6.1128714182567805 0.08008727438609142 2
6.4163067892458185 -1.9261219815983939 2
8.353068978147435 1.0637221095357372 2
4.58272427678627 -6.616826116062332 2
7.552380362482568 0.12374860210629235 2
10.228359307897414 0.7625301229348267 2
2.695034288316477 -2.6451558713262795 2
8.721972096479359 -0.28257514221021274 2
6.654071724038586 0.054766965003558266 2
7.885078901408746 -3.2536150141530262 2
6.535704093122532 -0.7423483702735008 2
7.522456665548411 -1.502677179737208 2
8.175180853756801 -2.5170013638607394 2
7.044493151777227 -1.490664039306027 2
5.15943244130129 0.29751871555316844 2
3.6356933774714193 0.6518361764937928 2
4.720701807763332 -1.6008840543527083 2
5.333526043228395 -0.8145258392258659 2
3.592704301537303 -0.32890246989504646 2
5.098084390365258 -2.4952472271042914 2
6.750023310105831 -0.4298470045704921 2
5.441102933700774 -1.217974690807557 2
5.564490142817798 -2.715364103525519 2
7.128726421556354 1.2965057586926965 2
6.518497547160985 -1.6216053830450627 2
