-2.365284231715065 -3.617488620755845 0
-7.890193150036314 -2.658900453211642 0
-3.855919631576314 -3.27959157497706 0
-4.355955887790981 -1.8563830123160194 0
-6.435848930344668 -3.545190587200424 0
-2.2163925055485016 -2.58813733120446 0
-7.249961073680476 -3.2750363747275135 0
-7.8054293408557776 -1.6829346319434821 0
-5.518137492102656 -6.920060705583442 0
-2.4473180612194816 -4.99939885050237 0
3.394563597651472 -10.902121742681956 1
3.6228400203080193 -7.577062527863264 1
3.652494712061669 -2.7831121075567467 1
3.6128275722285825 -7.686692458843488 1
3.3544134553295857 -1.1740489616039496 1
3.849356362183046 -2.5426752655484544 1
3.356600698666846 -6.558981020351656 1
3.5613111364195884 1.734080788394527 1
3.53095422835724 -0.4747065054068522 1
3.375807577692787 -1.3440662532350647 1
3.211624586616209 -4.623456706820522 1
3.4577252091894666 -2.269082827461189 1
3.640323412017447 -1.9556805606886358 1
3.7979410572943832 -3.384706141324443 1
3.520420890190195 -4.464734088221321 1
3.3887123282151266 -8.300333581791516 1
3.564498750170043 -0.19041294847593582 1
3.9631211549758394 -5.917441138735495 1
2.6766065885884514 -4.176499964696699 1
3.2101527757743016 -4.636686831845153 1
3.718162864458141 -8.398173333694292 1
3.039076516911544 1.6984961851249993 1
3.0663601103918907 -1.515046920703779 1
3.777791124448057 2.9011899158950607 1
3.651556409778134 1.0563775363721382 1
3.381092995068115 -5.427328353101782 1
3.6784135069373436 -3.562353402658313 1
3.2532388560463965 -2.9418894107112923 1
3.9140777482533498 -1.585743404680517 1
3.247066817485315 -5.937444421765329 1
-1.4991219788347334 -2.2814358576771774 2
3.2824692023704243 -1.4717735290905825 2
3.1683875631883582 -1.5527093540767962 2
2.79171619842519 -2.023410172418044 2
0.19862574867450422 -1.7910436669992034 2
-2.912136448627222 -2.064020200996625 2
-3.393003039119179 -2.0945213102587155 2
-3.4179260266967946 -2.665106282489048 2
5.088458603356585 -2.0939106082443213 2
-0.30046369187746524 -2.0084648319935026 2
4.714774520829509 -2.556536649423431 2
0.4368745917959218 -2.2658873597632794 2
-0.5895455659842801 -2.745206333805206 2
2.2236050243286436 -2.3716387045575704 2
2.22662718587977 -2.8548165793084888 2
7.271065720328121 -2.1028322854685295 2
4.327205109456741 -2.2096448638984105 2
-5.654557166703446 -2.005626628716166 2
5.095991742558254 -2.121209452964683 2
1.0998811675002635 -1.8047058633275865 2
-3.690907290396537 -2.721196212047888 2
-0.8041659111933903 -2.4999467204935883 2
-1.1018546098412614 -2.0396255746674354 2
0.05602633688848058 -2.2559861721073946 2
5.3949138027257035 -1.6369476710179152 2
-2.691194744133986 -2.2783191236277833 2
0.7515682248845273 -2.21794654752114 2
3.9559977996879536 -2.516924556209376 2
2.3311233830662506 -2.399382788308857 2
-0.4922481264394494 -2.3984670666070755 2
3.3038347869933355 -1.9922997312370911 2
1.6277000916036732 -1.8588905248324126 2
2.9942966885873825 -2.3982102756773354 2
-0.6214729290318028 -2.0341492288884417 2
8.302523324468261 -1.9347772522579447 2
-0.2876589392608171 -1.9106868249859223 2
1.2258528698112168 -2.01578396474145 2
0.8656848630800992 -2.3524619711998267 2
2.7176074010125886 -1.7248170410584434 2
5.689343602987059 -2.1183046390321048 2
2.8466773209246523 -2.071455927096852 2
2.337304970448387 -2.186592424032423 2
0.6433378044690322 -1.9511313182223091 2
5.7886031017296204 -2.6546525643774586 2
-2.0609024335083785 -2.52021944659937 2
0.7920304700709057 -2.3090792247437255 2
-1.3028145433008196 -2.3710817051782236 2
4.557356695138868 -2.9313558820948726 2
0.831863139552795 -1.891466363114334 2
5.957640043640216 -1.4337893122967618 2
0.9993901762492873 -2.2839779646233307 2
2.697788332331339 -2.670095312348594 2
1.925562758623795 -1.7782452027266658 2
1.7853958721094576 -2.3478695907368254 2
4.895981530059101 -2.014359617371304 2
1.4685261656350184 -2.660594589711591 2
-1.1295006307841011 -1.8934419094373929 2
3.7933134903407715 -2.1371638641498336 2
7.450474453708082 -2.0528663755272243 2
0.6265058491355594 -1.7919535749351494 2
4.23503348203541 -2.44389774107415 2
4.3821966345013905 -2.443646093287768 2
4.489440775696881 -2.273667663201296 2
5.059214583771647 -2.2350672626665604 2
-0.6450329898494354 -2.3152193306812205 2
-0.6994271647311692 -1.9864410903301204 2
4.750062378817469 -2.5604123748234353 2
-0.9360368477968124 -1.8076957851015396 2
1.771499006516005 -2.6722505130860505 2
4.385967772763883 -1.6067428745826389 2
-0.04586929771626025 -2.193142747818418 2
6.52030464197812 -1.9700580803407384 2
2.277093073668131 -2.4489024516638938 2
1.062964459971175 -2.8052184063554044 2
2.139880983370182 -2.6500924894459112 2
2.627148579055698 -1.9521909728318627 2
-1.5411636439474337 -2.246916200238425 2
0.9187978346909984 -2.091278235216973 2
0.947545590444794 -2.378109181479839 2
-5.9675300576557735 -1.7729797953963433 2
6.132242879297319 -2.037006678153659 2
7.918622870075938 -2.2636983873120675 2
1.4452571949608173 -2.181254626019693 2
-0.09657141161767169 -1.692104665340497 2
-2.3184191022831055 -1.8835705813127026 2
4.961056213397121 -1.7689968955208637 2
0.09302671726979095 -2.2844228866756455 2
4.506982521545144 -2.5265680557500505 2
-0.08959220405836454 -2.1986424525448918 2
3.745049585615295 -2.0606562842807015 2
0.41901521476181536 -2.198399020102054 2
3.111979337294862 -2.210263992142979 2
-0.696438723613904 -2.1829447830182183 2
2.0622444406257614 -1.9556399353181466 2
2.5292732827956605 -2.525496862839199 2
-0.2858199208129575 -2.081479748975755 2
1.7792934758212906 -2.5159315510964566 2
-0.9289510334396436 -2.5747836242497146 2
-2.6662668899759607 -2.5290373958162786 2
2.9417878208296884 -2.4661472651033387 2
