-3.596863723956798 -9.946187510672173 0
-6.1539132846319 -13.24395168637279 0
-4.737859212272783 -11.477591070796887 0
-5.071140412400765 -7.044262340912653 0
-5.449753089265756 -12.1262667995317 0
-6.276618457849338 -11.276811876351289 0
-6.808308171937696 -9.216840768098185 0
-5.999888412120577 -8.958514950587539 0
-6.042856361677741 -12.288855851155986 0
-5.512653405586601 -12.29215250437344 0
-7.031385556467907 -12.916228046261683 0
-6.209587444299025 -9.39624696746044 0
-6.4692449681167865 -11.833298766131723 0
-7.010798350235252 -6.479487757283718 0
-3.59354539823409 -11.225547732150584 0
-5.677183440996918 -8.247051860004824 0
-4.819326239306397 -4.716411265956417 0
-5.64681299072902 -8.82510203484238 0
-6.2808804444032615 -13.002202292302458 0
-5.17156101509233 -12.022175738808649 0
-4.693249817357291 -6.772522435117112 0
-5.735316258193694 -13.005272839650509 0
-7.290998568689689 -8.726698032654696 0
-6.000984722906913 -9.632582007374657 0
-6.409664119296503 -8.193637694564954 0
-7.14324697067897 -4.200550970318517 0
-3.807617028796454 -9.358332898553272 0
-7.682884802500553 -6.216544579857191 0
-5.088093984633508 -9.745644845302243 0
-4.9942826661161455 -6.862339519048109 0
-6.926777093544953 -10.455304954229613 0
-6.188952966678849 -12.079217083254207 0
-4.948809683732821 -12.58075724322752 0
-6.233014186439247 -11.759782097156613 0
-8.215716238536904 -12.880602847010433 0
-6.906988569134002 -8.99603788458824 0
-6.064178789312859 -12.072897913592861 0
-5.359435174470054 -10.17230129771727 0
-6.574074803057776 -9.731748755063897 0
-6.290177857372172 -7.508452369362475 0
-6.487398637374893 -12.133072127556872 0
-5.195066123386518 -8.298722629923397 0
-5.783540845581512 -10.200686462510186 0
-3.8471869302860036 -10.597834783578179 0
-4.579453333147727 -8.515641791826594 0
-5.784670359781878 -9.732247424401782 0
-5.995719338430022 -11.239182368896328 0
-6.244742137059879 -9.232953175901185 0
-6.178282230329229 -7.648314241693627 0
-6.319741511662543 -9.34369301699413 0
-4.879972900620948 -8.094764944179815 0
-4.739770534468104 -10.624651939452606 0
-5.396294445976357 -9.19926741647294 0
-6.682009109151904 -7.993186777091952 0
-5.76890574329006 -8.148945880327549 0
-6.945134884168698 -7.410063243922613 0
-5.982618299696862 -5.724141755748951 0
-5.532655168566495 -8.639494444772835 0
-6.9222101520096135 -6.531773571401321 0
-4.449962414236252 -11.11262074190702 0
7.318820387981571 5.797219462777821 1
3.1500488734790575 7.857153750107818 1
-2.4754441439872377 7.571865552929163 1
-3.1024374901132674 7.858501461985931 1
3.256245390986141 5.415585983234934 1
-1.2094191985130052 6.0659911990838635 1
-2.3092738487705833 8.167309134586663 1
3.693149334581488 4.927713692733718 1
2.1208673387652066 6.426579764438774 1
2.253682765432656 7.389786027252113 1
-1.9786369000370243 4.655113485482602 1
-1.1851372942573597 2.6125241141596542 1
2.016401772417176 8.034192122566724 1
0.7836015091436732 4.222962200999182 1
3.0265326522661105 5.874263495117419 1
-2.6433373149006765 6.005036108300627 1
2.334156800178703 7.102034428422103 1
-0.769802210375108 5.795310197615219 1
-1.9688102244363295 6.797554986372136 1
6.893018540970937 4.4381437411391635 1
-7.145175972876499 4.804219010736149 1
-2.218055199776889 5.480535431633049 1
0.12036515203022438 7.62228307318985 1
-1.9955562869373735 5.775826839106101 1
3.418855379757585 4.654907092793343 1
-0.9225657133106488 2.6995041077991027 1
-5.078213760925326 8.176402503058302 1
3.9347861823233843 3.595246160801949 1
1.1713338726450016 4.722520486469518 1
-1.3509985820449593 6.7672347116228275 1
4.771782744472266 5.090602453588911 1
1.0609253159764764 5.656944195815237 1
6.981895822414075 4.283526829709189 1
7.731779638121481 7.899947355257188 1
1.7677653085846028 6.699736618716503 1
3.6200604929990488 4.1164526889218 1
-4.83355947757922 3.3947983748626425 1
-1.2398689075594198 3.7516523535472865 1
-1.7329171845421059 5.107003772244746 1
3.9766472452653905 6.071302011513239 1
0.9786895316323312 5.55586643119049 1
-2.7612694114752188 5.463019780570916 1
0.3575912559625139 8.304081666593826 1
-0.12923865466831663 6.464985987847641 1
1.937113453082821 8.601382447774082 1
-0.7784207370525766 6.134064685950438 1
4.171626686022111 7.2399832827505595 1
2.222242447229439 5.642636341161418 1
1.521481789451833 5.807409609167024 1
-1.18262895068343 5.51654842717297 1
4.155704859186992 3.7034190786467978 1
1.5710381060636152 8.111486821244277 1
-0.28503432628477343 5.705108663238029 1
-0.4619958095190252 1.4293531434847475 1
5.430773355347162 4.173814517579947 1
-2.978511243906292 6.7699063024844515 1
-4.065741986967894 5.874967174733693 1
-7.372140701840206 9.926022588876325 1
-3.0294974203334464 5.504133684045655 1
0.02800858858440014 6.310970308950102 1
-7.836226819496351 -2.9485879507848507 2
-7.939806545186355 -3.475861737615599 2
-7.816319986195692 -2.9351654258518143 2
-7.864096542267394 -4.714623997446768 2
-8.173841278334654 -2.046389137442569 2
-8.585307185645659 -3.3810157646337538 2
-8.196299644954623 -2.817355955443474 2
-8.028666826805217 -2.7762549522192437 2
-8.026668519830213 -3.39528836513188 2
-8.07333534691967 -3.1222050116753675 2
-7.984695020009498 -3.5566411057674028 2
-7.7656067362147265 -4.182426643052835 2
-8.051224196247787 -2.709922105638596 2
-8.242803852550908 -2.9992152833004853 2
-7.9648938382376775 -4.1621217672597375 2
-8.035907544665635 -2.926389551497931 2
-8.207714701419546 -2.9576570514692686 2
-8.191600681780033 -2.8518719592246184 2
-8.144166491486518 -2.5466004382990906 2
-8.154130966641565 -4.137975917265846 2
-8.331101939473694 -3.0745299381956834 2
-8.101825750778833 -3.041822931256395 2
-8.27783783709762 -2.4522355117631753 2
-7.709124449847182 -2.7450533829302457 2
-8.097490179395185 -2.681569284890784 2
-7.997722839795413 -3.2248417821581725 2
-8.635838934832835 -3.4059199421169417 2
-8.062870187426961 -2.233001959736575 2
-8.19596258038572 -3.410256853061568 2
-7.938099579163456 -3.43726779246494 2
-7.792982004320602 -4.152566748517994 2
-7.785415898005184 -3.068719547703761 2
-8.519913550096124 -3.5909460273392804 2
-8.165170519913625 -3.6391179481661378 2
-8.384129425842481 -3.205623687951591 2
-7.941692732503652 -3.6414724295380343 2
-7.935650292356478 -3.5225973576367373 2
-8.060758917791626 -3.2651310134927964 2
-8.290887151343345 -2.6286148644415244 2
-8.003255228673327 -3.59373203063051 2
-7.80565383815791 -3.5064367174047164 2
-8.302073450090075 -3.462629455346846 2
-7.658900811763977 -4.144956772753623 2
-8.17457016338181 -3.3601428655558774 2
-7.998918820050369 -3.7411688506191103 2
-7.990419207227689 -3.022760695475911 2
-8.148308765315424 -2.6958049906763604 2
-8.087937074752329 -2.534390045198734 2
-7.981433120839455 -4.012760870088774 2
-7.945691766626064 -3.0209662035908864 2
-8.220449951697784 -2.263577311637478 2
-8.145529787854402 -3.1602094106223215 2
-8.174246931005435 -3.251151555526545 2
-8.239762840728625 -3.618692595745934 2
-7.948560323708675 -2.362484376386379 2
-7.797543326689266 -3.4351176965764414 2
-7.824314374966496 -3.5353297556552548 2
-8.33421708514536 -3.08079901750166 2
-7.902166876604998 -2.378455670045105 2
-7.996970568840313 -2.5082531243297526 2
