-3.8214151943673533 2.1230794227756435 9.140118432916532 0
-3.1486991314067034 0.5789064414780771 6.339762247732655 0
-3.3808545249776945 0.9477958728800778 9.398507388873048 0
-2.90372280546255 1.7266851425099374 7.416733254579811 0
-2.990177245039284 0.7637896858106361 6.633157094851263 0
-2.0497345101561097 0.8986792911765384 9.167320200657992 0
-1.7226688511262775 1.3164987808791342 12.281307087486073 0
-2.951166452746798 0.7579470693549655 9.878113355781856 0
-3.1711880172435962 0.6427241476270236 5.299952237203808 0
-2.6851661252696295 0.6362308845164873 9.383587487596005 0
-3.0373912818865705 2.055027864116332 10.126911158803178 0
-2.8957998691771367 1.4417724538643253 2.7217053923118586 0
-1.2127226414724648 1.071945907441888 8.146472710351263 0
-1.7759036815176188 0.827259604207405 6.120581736960023 0
-2.0017527745018935 0.911505444089073 5.89360481578288 0
-3.168307931407469 1.5907139321385388 9.639916573467502 0
-2.7469539254327904 0.5459987734712474 4.74852341082844 0
-3.1756176253379946 1.8338406416586008 2.3787771685810393 0
-3.7022414503529077 1.0584352783931164 3.8678505819587095 0
-2.1074641903664375 1.3654455268369088 7.98697741068756 0
-3.3844725293245865 0.4879336387843548 8.707219392575007 0
-2.6774256202793216 0.8171395039642145 7.305920867915671 0
-1.4672914365145295 0.9128846550455403 9.521942237605513 0
-2.130902328714163 0.791457120306051 5.453719152771118 0
-1.6837432666051737 -0.3375422534696 5.760976803272102 0
-1.9913860361120919 0.6164248028739673 9.52659547713944 0
-0.7760512870911038 1.0529729968820565 5.8079306684558905 0
-0.6908952868879186 1.114570155600473 12.358884223967845 0
-1.5539288106653122 0.10057711213961884 9.474641159027547 0
-3.3279093547342518 0.4746345384814452 5.4126595876021835 0
-3.628842214336683 1.6536319735527423 9.450847359377276 0
-1.2626986688680537 1.7274356182610682 8.93479396285511 0
-2.91069741676675 0.9225779150308059 9.929043403037767 0
-0.947216911993505 0.954779641437873 6.339429960895017 0
-2.920478340681699 0.2864519349794542 10.631136403351757 0
-4.026128207688503 1.101383685454557 8.118259662739781 0
-2.105550577395767 0.6406123014214096 7.765001048138392 0
-1.2840864266433012 1.8332170175324813 8.608544900416064 0
-2.110377588413075 0.5316659349165095 4.939464685914459 0
-0.5147286001148377 1.4676962914566134 7.47649134777104 0
-0.7112235924403822 0.17334032714710823 10.86507069930158 0
-1.7434119035548008 1.7000077717490445 10.394820116480743 0
-2.74942686734419 0.5075011716944864 9.412526819295751 0
-2.8890591612018715 1.4644248908852648 4.0580444457203715 0
-2.9806650912398527 1.6661637951037007 6.68148283922618 0
-2.3875678074420503 0.9615820854532506 5.75238169441066 0
-3.470642504243933 0.6915057051296741 4.873511172008371 0
-2.5485370892810675 -0.07500172537132022 7.204891119676274 0
-3.6505151280676107 0.7098971306182518 5.612178715724497 0
-2.1179002214042186 1.4525400572196245 8.58295833123893 0
-0.9542221088659104 1.2635678509136339 10.610210854072829 0
-2.434920694908846 0.7345231868757768 6.248203992187111 0
-2.1542774392289714 1.030139169216456 9.65023311698005 0
-3.1058290877117303 1.1821020694910955 10.634312568443688 0
-2.613013082678533 0.6553688398149373 9.23150871564764 0
-3.422703686541497 0.821337493179441 3.292536515276356 0
-2.834187262132709 0.6323319334254678 5.5498098327866074 0
-4.157714283370538 0.9234082809308475 1.147842289847996 0
-2.288979072767755 0.8181754118103546 12.276537411273242 0
-2.981800142538314 0.9079714708049753 9.69706391510459 0
-2.8590465772541123 2.0598864835226083 5.433647819975676 0
-3.2240002812702917 1.1871723699306078 9.830922387931166 0
-4.490286188938644 1.4058771930236131 2.825366834467487 0
-2.185743024775955 0.969590031283111 2.8745155170031325 0
-1.9331168537098589 1.0586044314096243 9.047189336850462 0
-3.329952349446467 0.2155797412007413 6.631862171547274 0
-2.2060491666382567 0.7893711627540438 3.949918522229332 0
-3.3001447629783165 0.8190658327578199 10.899751728368338 0
-2.3365972076614896 0.8796584866449845 11.95441350560457 0
-1.9693193234084863 2.1592919822840253 7.086757263916178 0
-3.1547505631964112 1.1755211996954573 11.94972950352952 0
-1.8701458336983672 1.1754585054394682 10.379767524459595 0
-0.8753490716616872 0.8775651500535233 11.241276522935856 0
-2.782103750970057 0.9190295510236202 9.159338376306716 0
-4.546083210595384 0.6271971699534865 1.6614126840952723 0
-2.2222147109378776 1.098710399737199 9.325940560536157 0
-2.4245532329643047 1.0948859575019705 2.2605266841530076 0
-3.06323917476744 0.755500795710704 7.877247583965249 0
-2.7249920973467128 0.9729567433149438 7.083160424845538 0
-3.240662885400927 1.1397198149959427 6.072437906231865 0
-3.1607169823950043 0.778449588611527 8.792638623749394 0
-2.3870867002641623 1.4625183786307114 10.15509369977937 0
-3.024749557456239 1.6487266908717664 11.59434578485045 0
-4.304145098539737 1.1749852120395239 6.763342032861646 0
-3.7333116213461093 1.6328168475871072 8.58278953011955 0
-3.265427347560156 0.7157127805653186 3.9326956998180935 0
-4.659366025598997 0.5201275322155186 2.6159655599524188 0
-2.905985135224439 0.07937611059875527 2.5859720671939455 0
-4.234235418821196 0.6909580299182845 7.118282440895899 0
-2.0562065889358165 1.60395162892518 4.768292738110219 0
-1.6732724112975412 0.7743481884094146 2.6076837672874706 0
-2.528697605659579 2.5973079239055643 6.410539334084966 0
-3.440844527691513 0.8259590941651419 6.49149324304131 0
-2.9915346371696 1.0953395303185745 7.607379930741631 0
-2.0957426975438205 0.5447318184408798 9.770115891336234 0
-4.58384980497314 0.100671545138453 8.387536528062263 0
-2.9525946144141364 1.955405193697431 6.188393959396697 0
-1.9497845613765166 0.5647052260129886 13.374816243640815 0
-3.037349684702137 1.0884286113906725 1.0097841417092122 0
-1.5832021854836478 0.5162086163311554 7.4482385353873095 0
-1.2164200071441238 0.6017947208817069 8.128880037423047 0
-2.0715631997831143 1.5225937670028404 5.251555981493354 0
-2.5205844732810823 0.8448997799161885 5.181315639301984 0
-2.229177676263905 1.3332871672587057 3.016521178568852 0
-2.949095013135652 1.8092162384830561 6.375488386699135 0
-1.5970451714435436 0.5463378820316946 1.8391029771714988 0
-1.7314020992720511 0.6338271444099981 4.586552839137912 0
-2.8427871424930973 0.7613019853581993 8.358086217531785 0
-2.0241060622028906 0.5879670069579286 7.07010053622612 0
-1.4426204363324753 0.6199956977390734 4.9626904523176005 0
-2.367343387216329 0.9439931096606243 3.546816272308763 0
-1.892108485101907 1.8394984953282538 8.962766596523462 0
-1.9665273140489585 0.042510262899633555 4.315229312188428 0
-4.074847419903268 0.26332062733650585 8.899957224981947 0
-2.7581432485606228 0.286534968242133 10.918420802624242 0
-2.917132532428901 1.8644634031866558 8.12914600277627 0
-2.8348391491871663 1.3900015667604644 5.951023387738736 0
-3.049820169546364 0.6672183735746849 5.547565363306673 0
-3.841625885418308 1.0734618866688932 7.24062814923383 0
-2.148790347366102 0.1799868260867965 8.124258131281286 0
-1.884185732397465 0.8782489889014947 14.374965323613083 0
-3.605895569961122 0.4908108947391419 4.206578125002439 0
-1.9497537641944278 1.5544306294992971 4.723108103570973 0
-3.107882227105158 1.2617023503328297 6.713040589202513 0
-2.5494557164069973 0.983235285841388 11.88349237103435 0
-2.5172393177506884 0.12487355914564235 5.39173736505862 0
-1.3073158857802554 -0.1363195974400857 6.04148810472593 0
-1.5895781289818565 0.2706277026965649 3.854511370489958 0
-3.770103293325618 1.1172604470332557 4.199681606702718 0
-4.1965754510352005 0.24679988934478125 12.156206496730162 0
-2.251815320362745 0.9291334377102115 9.262071947560024 0
-3.044506583978115 0.6054684861240816 8.784023570764907 0
-3.2413743981688543 0.15595701375723936 7.715275936539495 0
-1.0917416083480427 1.3758377425350867 3.197928919680174 0
-4.636016187999562 0.955803562860111 2.8255465534874338 0
-3.590434735188509 1.9611871479541216 7.775380962182205 0
-2.4813853698837454 1.6162407463312745 4.972859940092668 0
-1.6824293965625716 0.8085714520259981 4.901217841234063 0
-3.9312882979060104 0.10249180074585285 8.293721272750284 0
-2.9367201159172476 1.131649994889672 12.1543946255007 0
-2.511453913367122 1.1154903814360486 11.670293881182662 0
-1.5553249597781689 1.4743127707233759 6.328243481575872 0
-2.5781561211709794 1.3372568474072197 12.777245117467539 0
-2.312075343483284 1.8670589418342158 2.6267009554745755 0
-1.8408125666998099 1.0930892621511772 12.714993544833312 0
-1.2384176747200706 1.7713949512319682 7.798447812405544 0
-2.929573672811719 0.9987466532107668 11.502236283968177 0
-3.270231595054157 0.015381371808688371 6.4201785151732595 0
-3.6211056351349162 1.618825096789463 4.9054314953457965 0
-2.5380001373442007 0.41028528647300255 9.90491268050244 0
-1.0444272781325714 1.266733261296375 11.2392439985809 0
-2.6802966301867546 0.6423706149214539 7.631855927220011 0
-3.6728595088259945 0.09365948527499868 8.525976965979904 0
-1.9822909309979329 1.1635438150630089 7.53292330855299 0
-2.0161328524068223 1.3212925017864363 7.610334970643227 0
-2.336674319898585 1.597097294387062 4.090199622557419 0
-2.9467339879421317 0.4937387152232472 6.056037601721116 0
-3.0419983853427626 1.271407168828631 7.272145156468958 0
-2.037391326308679 0.9154800125180653 7.137269638832834 0
-3.4687927561993366 1.4536049671365747 3.2400751764369042 0
-3.8176327403220336 1.1791001339154672 9.951442065741904 0
-2.82360875557417 1.3914875547838625 10.641026981966306 0
-2.855576685443962 0.3135060414046329 9.540705328221069 0
-2.4831913711186857 1.0254138452067272 10.275623424635736 0
-3.0414841654479283 1.413904733983124 7.350221535657991 0
-0.8851149158632561 1.4891018592980867 2.098454809515303 0
-2.9260259237710926 0.957192795275927 9.223658767857241 0
-3.874527092822177 1.8053284840971777 13.27984992570566 0
-2.241605820750936 0.4349004174834269 6.091375582493396 0
-2.994413122280145 1.2443810863972888 9.022751899394631 0
-2.9897946106029396 1.2992612102414869 7.018591117718708 0
-3.8555105065422515 1.8724623467227115 7.839451650863372 0
-2.43736834525747 -0.08507372860114737 8.048126679560863 0
-1.4642901662127228 1.165325061595495 9.455557416684803 0
-1.501128247237657 1.5027019348406168 8.266413816627919 0
-2.373310390805468 0.3787650219665173 13.505655871636092 0
-1.921817099423739 0.36316426934197554 8.901444710268516 0
-3.1366854701111295 1.0156725830981728 -0.08360112045341062 0
-2.510860771055692 1.702274152293385 9.59647313436965 0
-2.517522475639055 1.343466809898803 10.676328417628383 0
-2.195459206948841 0.8437631267138331 8.244693596016372 0
-3.376621842468131 1.6631382519544216 7.680259217875339 0
-2.1302469844401632 0.9228019408787126 5.725118078222597 0
-3.6627458255529626 0.6641941982126909 10.423684878917218 0
-1.626475273232535 1.6983023423995802 10.415333525981486 0
-3.1480979786767396 0.6804952170448384 11.215140872797848 0
-2.5917325952242276 1.2404743718019824 9.79002259604878 0
-1.4624203106456768 1.4032100480250294 7.306185466118082 0
-2.0817028572572216 0.3190836220143025 0.9417047322735552 0
-3.416543144287349 0.4690113798214036 1.2305921003728262 0
-2.8098687241248177 1.6327027765014477 9.544225599962381 0
-3.504975761668234 0.31168367794160334 6.208806138012647 0
-1.88856981163894 0.4439681445186774 6.997106483519206 0
-1.7080572185307097 0.4833702613952367 4.782834263687901 0
-2.750096111315334 2.2460955210334053 7.811140206876143 0
-2.804839947536385 0.9362091196607635 8.8375390206606 0
-2.2719724102128724 1.3150665536322506 9.823192233336204 0
-3.6481243552185507 0.7717979302383848 3.7703252211276945 0
-2.078835140936961 0.8425783169707942 11.299537651326853 0
-1.4964646872507241 1.4881223343320955 7.9939864054450265 0
5.902489452191691 -3.2079961308694847 0.8812053708280199 1
6.172554537098314 -4.480437945531838 1.333080294368457 1
5.9956948310735285 -2.7820839900436063 2.3662605104790737 1
5.056824178196466 -3.619455227245069 2.0467931689537555 1
5.8193552645669255 -3.5816622082769283 0.28480241662984196 1
5.752984463051798 -3.4809982103967396 2.3660314378785046 1
5.570319187864522 -4.313175411460914 1.534584914102453 1
5.7749859587797925 -4.418553108289814 0.004849456440960687 1
5.5813760655366265 -3.098201141019562 8.316756589082223 1
5.882613570949959 -2.9615880443034577 5.477924137461596 1
5.581700417715905 -3.623712716383795 4.299935376731462 1
5.749959262300289 -4.08605643127292 3.2790008072560104 1
5.738646579443273 -4.427487478672215 2.8997935939016437 1
5.587465130386281 -2.6151944880759217 -0.05790489956533529 1
5.96015580463903 -3.9276166223782996 5.735833355171975 1
4.8999603605649185 -2.9417297518616277 0.2872797726938723 1
5.75564409495136 -3.4425933609088166 1.6108718488534097 1
5.701905381572193 -3.834911103511181 5.0315207282278225 1
6.104841888955964 -4.175284344337975 3.826760713627261 1
5.36325372996846 -5.089807341871811 6.6128180607293885 1
5.6540795385581895 -3.0315364659052886 4.049216374003894 1
5.331304121857815 -3.3664573609288824 5.24755344273924 1
5.286400067701872 -4.227454652534017 3.083866414521249 1
6.002474844012592 -3.308926883753654 1.7908239441752645 1
5.1333151146604035 -4.637885887181398 0.28895317525078923 1
5.959873606759066 -3.425587701138805 4.869369379427283 1
5.846621825871462 -4.54611252756976 -1.3185427954530167 1
5.829518107455039 -2.792351365562607 0.5957911050434908 1
5.882775532829045 -3.251781298036513 4.638137816530085 1
6.243107792149753 -3.304503128317788 -2.2158400822507156 1
5.2290011949857185 -2.859328160627768 -1.0933914673449108 1
4.6308369564872125 -4.6802851357711495 6.051405019937798 1
5.671587775940241 -3.8220257350814633 6.3306386771178556 1
5.679917125229732 -3.4989092325423883 3.3097736373668214 1
5.546459767954604 -4.00299762362893 3.200506332378663 1
5.648286031994538 -3.7415470380038682 -0.9300343943225768 1
6.422800828108588 -3.006261930652499 -0.920565396796277 1
6.753771081586061 -3.62235721088592 0.40888728602499613 1
6.642430103256063 -4.091092593280994 2.5313152394057026 1
5.379894273071505 -3.7412618375268565 2.9938569165282076 1
5.753132540658239 -3.583637513914461 4.2390268569767375 1
5.448739823431443 -2.900256453067912 7.005488297318695 1
4.931646901795118 -3.766633329612355 1.8128242206335008 1
5.676561338697737 -3.1925648209354787 -3.2800617724485575 1
5.278983125400405 -4.040588652158272 -0.4701674869498418 1
4.969671622630941 -3.267090898599969 4.45968638644989 1
5.6894228945549195 -3.404420332935284 5.62507696398785 1
5.657564980166741 -4.396419086680072 -0.694332244355925 1
5.889226354817235 -4.516636435564168 1.9057023868173235 1
4.696814116553213 -4.132845550791486 2.7906294787024915 1
6.143190403090487 -3.2604423500273434 4.327915025930642 1
6.075727594631282 -3.6231319865723837 4.297984948287723 1
5.404532605885952 -3.78397139881332 0.374130612962575 1
6.010727318989975 -3.7211400228356726 4.971248029293905 1
6.248790148076775 -3.660732744688168 -1.958064504438235 1
5.555938497391093 -4.213387155965122 5.0985013226315585 1
6.226760423139789 -3.432978553527966 -0.3433992940266961 1
5.341500757082656 -3.944836154002391 3.5951282529787942 1
5.937869568932721 -4.3673377726839 -0.7741255006794714 1
5.630658703877452 -3.408202469187441 3.654268694945218 1
6.2465192850049736 -3.72090905248521 2.683313036905732 1
6.155029121833305 -3.1673303156720807 -4.0878107923564295 1
4.630504264399232 -3.4511184648481565 4.977368228840976 1
5.230970256486115 -3.235020715400557 2.1654472853406417 1
6.081750490460283 -3.774566597735126 4.634191554669779 1
5.6908892576771795 -2.82864305749659 2.0892146288517073 1
5.518759883381018 -4.018075033728231 3.8420532040563016 1
5.919542317547962 -3.0589134899633876 2.4538169688532667 1
5.202721024963284 -4.006493575498329 1.6877456835156566 1
5.41551867557498 -2.5709552577667942 1.049270973005271 1
5.054247116759491 -3.7000366389505372 6.9703834307339445 1
4.519261937249132 -3.736330620118901 -3.281261604785307 1
4.938743479531806 -3.415158296732287 4.793578289214748 1
5.448283286839894 -3.767282073682812 0.9394601072379103 1
5.932478906252457 -4.925746391496168 7.2549540067424445 1
5.1514534386396535 -3.004184708365619 1.8179359149769168 1
4.945363584785912 -3.1573740176843033 -2.211895117466743 1
5.390087872091703 -3.5857041339407267 3.343224911462622 1
5.565351833984967 -3.4464978948715945 5.622256105764854 1
5.586265954419693 -4.07256434311247 1.7015330094860284 1
5.589878786469846 -3.9197900595069814 1.9390245831700912 1
5.831128176612738 -4.111320373577839 1.8620038079768109 1
5.546461510670309 -3.005463840169249 0.6953857188758756 1
5.768328922835517 -3.803517848938192 6.008670779447597 1
5.125629872036984 -3.5396568477582413 3.022510751227335 1
5.383229229106969 -3.3126733142315685 -0.01713927057757436 1
5.103308689943989 -4.313454798267584 4.541665965000393 1
6.057023741197439 -3.605399232120421 0.4522143095379205 1
5.075475852385446 -4.315221444124057 2.410665152488866 1
5.175658168769692 -3.777171683636703 7.5484525214960865 1
5.577998299230267 -3.749169461670367 0.23862371057467602 1
5.5532105992097955 -3.258275177244877 1.9651719256198552 1
6.58555792859027 -3.0811247468072236 -2.0674590997625044 1
5.790068158539815 -2.567277926798198 3.8071229348076567 1
6.20969929918559 -4.268631243043422 -2.110963020042318 1
5.663154132877443 -3.2790046951760505 5.169494495598997 1
5.229442567786944 -3.366356790185775 5.436053455106778 1
5.404175171206816 -3.671997073155397 -0.02278096286235587 1
5.482969478642469 -3.510451023141305 -2.6620813342222664 1
6.112682965779399 -3.3702979110216704 -0.8179495627066848 1
5.409960105026421 -3.285836126716991 -4.346873410069025 1
5.372862156663834 -4.153484849870009 3.194226124655764 1
4.902664835160162 -4.334299881356509 1.488845856732588 1
5.063600467199455 -3.860130517641482 2.4075231385070284 1
6.13692009276098 -2.4737685505655502 -0.13473300738107863 1
5.557434158682478 -3.762615540198541 2.4823815382434526 1
6.0097292635404305 -4.108862516949763 2.835122262790898 1
6.199310694186867 -4.022909450541466 0.5156490652297068 1
5.50964889583429 -4.1479283659710475 2.8554917418306545 1
5.2883463285498005 -2.1499674330863465 6.146087188228781 1
6.069298955018281 -3.3585561722870834 0.6745267152874372 1
5.502997918438065 -3.694762236045002 6.186708286858499 1
5.628953311557205 -3.022559747146972 1.715123465257358 1
5.907673440450242 -2.41890528768526 5.663139400094352 1
5.641363133240304 -3.2065609269510844 0.14248490224298593 1
6.171120231883414 -3.502748045729153 -2.7686563264185162 1
5.340828525081541 -3.1669780493709108 4.3924441114559105 1
5.699091380417508 -3.203996727148362 0.3272926835723091 1
5.853720985530909 -2.3231585104821653 0.31501734795257774 1
6.020064491180115 -2.9075341659044156 1.4804876278083148 1
6.079939210731955 -4.330060201439323 2.267760006920303 1
5.5671672348631125 -4.378786962666257 2.9056091106681703 1
5.49008305173156 -3.560840818759285 -1.0715934414625314 1
5.479499483087317 -2.7781708779397345 -0.48170570599948936 1
5.925108047931191 -3.7273091924525974 -0.22776766938568693 1
5.677919547865993 -3.4373226945307054 2.359363612973101 1
5.615071924257708 -3.2857173342542394 1.4028865949671685 1
6.167924500737208 -3.311495154748868 1.7675312694898868 1
5.322940949599438 -3.864527031418396 3.450591999663789 1
5.489112885157679 -3.1944985901950296 3.4163731224942415 1
5.531707910932234 -3.5734551603275033 4.713311337185164 1
4.761344297690151 -3.076863370296024 -0.18949201136424687 1
5.457686869064954 -3.24663615756479 -3.719600476352756 1
5.635427594644527 -4.062535211239534 6.725389128102276 1
5.722727303729294 -3.7902406468391177 -3.2239814601074075 1
5.541318793679134 -3.4145720936012864 4.877458839776083 1
5.520140109362157 -3.9560564460927647 -0.016829937126594308 1
5.7464101616069545 -3.4809579821486776 -0.6453714409401408 1
5.610011388708705 -3.6611824304780245 0.5278161073650309 1
5.741372700742753 -4.354467762301061 0.6892677700802503 1
4.928791669821321 -3.854528441543212 1.826349753287398 1
5.57117692795423 -3.6795881936270733 3.161994480993666 1
6.084501887573223 -3.462859685862285 1.4051794852443895 1
5.512789782480785 -3.551413781418402 -1.2738377850090776 1
6.042211281334614 -3.2230701425017836 7.332030009973627 1
5.282642662570028 -4.183087578778488 0.3910617034724173 1
5.432153498692892 -3.917613199534662 5.7254137593853365 1
4.834225938996319 -2.9285964873660895 2.913187638405737 1
6.051100927501661 -4.472443274507103 2.864578233677496 1
6.067949927356526 -3.306283961909401 1.0306183667682678 1
5.051101458872575 -3.3594740467539945 -4.318590911458946 1
5.761925333003867 -3.062153678652568 3.592962379344109 1
5.201971329228499 -3.903456012217658 -3.7364727439717447 1
6.110740572181479 -4.267178270682096 5.371471301853471 1
5.072768538196728 -4.3768585080403914 4.077041412540472 1
6.140302066623385 -3.800655365479508 5.345423136341602 1
6.35538216548588 -4.09950933501386 0.13762419569338902 1
5.591652800603776 -3.2626032765732855 4.833346984857974 1
6.24098193940108 -3.219071380050315 -2.3667738010857473 1
6.079318652719611 -3.9112821946826277 4.390117483911558 1
5.6683618724767495 -3.774767807864877 1.996582619546199 1
5.49570460706148 -3.6732015508008553 0.18857383898516633 1
6.1292652182320415 -3.7657824226419616 4.2825999047894125 1
5.564387190566762 -3.2326232028020563 -1.8956281755869528 1
5.481511994741487 -3.1949093756492726 -1.8333276239309932 1
5.224281041066983 -3.5480425192661547 2.125398680088691 1
5.836427814834367 -3.2290806748366063 6.445359507389011 1
4.932940294881372 -2.7499671874724405 4.551781171733714 1
5.8233612306118605 -4.146059177601211 2.4893618513589653 1
6.29804317813305 -3.980806457885858 -2.42616025495368 1
4.936213887045222 -3.6700243602334592 -3.771714835710733 1
5.7596475426237514 -4.440687351674839 2.7366689745043513 1
5.332034496599472 -3.6504980848050463 -0.17944284883977168 1
5.502982250904662 -3.610738695320909 0.9788268525998145 1
5.259686854131626 -3.937347248786194 0.44221162752913923 1
6.149312134393034 -2.818967507505494 2.7053411353937387 1
5.858353767561289 -4.3969946777521525 7.873293845611181 1
5.751755303061593 -3.2129557839177707 1.9511992050789722 1
5.1232254709292375 -2.9850953307338965 4.198515618632559 1
5.3787338708175865 -3.28267762297416 5.559229425552979 1
5.705495491734216 -3.1484817949847916 4.05771479781267 1
5.10210217176322 -3.4077769626855217 4.7287926733733645 1
5.660452031792681 -3.682590167868222 4.626741701364789 1
6.085451215026449 -3.1437903916112333 7.509400970478033 1
6.373979130301487 -3.0562304732138292 -0.8289855219036122 1
5.126425984344985 -3.509398712726746 -0.10403165520005375 1
6.443171403131077 -2.6499828682309037 -1.9432023937744067 1
5.395245047790434 -2.748141050882143 -1.2199074389581868 1
5.608602035046645 -3.4942538050550462 0.594335059876046 1
5.830428575233767 -3.287665848053093 2.228545319732033 1
5.6749502755834 -3.2484290796823134 -1.0842081511604622 1
5.519353538987038 -3.873380895254086 2.8662749781943377 1
5.403460347321821 -3.4944329922629622 5.031362850773926 1
5.234782884660966 -4.740240366809296 1.5900028705084641 1
5.730149292232861 -3.041678730755755 0.9727217779153674 1
6.461588904423952 -4.640045320987965 -3.1992448144225207 1
5.673359203458229 -3.540765849004321 1.5275985210290515 1
5.689414743081026 -3.6905319685215945 1.5330376825967071 1
5.573953689244422 -3.3315943345055934 1.7090487009441004 1
6.018218669777196 -3.260573543751336 3.3888415861331245 1
-5.672209079676021 1.7059019307285999 8.751299415577481 2
-4.355529885923978 2.478406763271937 8.896176698551397 2
-6.139053517208429 1.567910756065731 9.436642101603653 2
-4.148184830037765 1.579851009859621 9.006811367847448 2
-4.59398300891068 3.3125348069211142 8.59464699319247 2
-5.313858117704957 2.1419954031030928 9.199895363744083 2
-4.932228676847096 1.5806279252209545 8.766447673793522 2
-5.49133189590767 1.7845407899814694 9.016680093091786 2
-3.3018047923461715 3.7645430928041694 8.486646063208722 2
-5.433865100096806 1.4033778788706237 8.94926174163759 2
-5.627830256293752 3.8076196113590544 9.025427420535893 2
-3.495670963134678 1.0928552199638841 8.98656002747618 2
-3.2327778033568952 2.1784897276424027 9.228671169791394 2
-6.661713705909795 2.222041664953366 8.907473091862451 2
-4.775975732434818 0.28738389796247743 8.692145046824834 2
-5.156052752538215 2.9796094154633557 9.030640245841138 2
-3.4820029326887543 2.3767358618974326 8.666759282701202 2
-5.364374287435843 3.4556515643551773 9.331305259980425 2
-4.9983886125561785 2.153436961917849 8.936366683250252 2
-5.9049663514642425 1.3845255922060609 8.945284652734706 2
-6.096357347590651 2.0995276999082644 9.204532557302096 2
-4.071896605120007 1.7665038592813807 9.142157216460976 2
-5.743953783689636 1.3629263694429667 9.208696161776626 2
-4.152025340032703 3.1518728628113943 9.020641483514897 2
-5.6736264002425285 2.9052935394270114 9.062157247627184 2
-3.7151850597368767 1.8735332173742258 9.039868428583267 2
-6.088806682048672 0.8135812003483569 9.015368977221577 2
-6.364757435343883 1.4399124832372894 8.974048288045166 2
-4.062450408992143 1.7941899694076637 9.258575258422983 2
-4.7262719893003835 0.14498526999687078 9.127169061324732 2
-4.597949744473091 1.088344633430003 8.851139472625947 2
-4.88875463946069 1.8464059939471864 8.967804641977118 2
-5.403204199738522 1.7269462912001814 8.715775409313958 2
-6.248526483760751 1.6706338278968729 8.954780156421656 2
-5.148710542414941 0.7807393779665555 8.640943176390264 2
-7.303498953095254 1.544964090991805 8.868773588465428 2
-5.187068190035952 2.571617687038354 8.922701860699851 2
-5.487285216964796 2.7695285035173653 8.90770178371849 2
-3.643360493553242 2.7621610442366435 9.211808470819834 2
-4.722505596034741 -1.4599643505678772 9.01450959832245 2
-4.49485251493525 2.1103863345190406 9.11301771607452 2
-6.406050525319148 2.7224101433048764 8.778426358220294 2
-4.409018624255957 2.3725157060554376 8.89106008000779 2
-3.4692670718975887 2.521494617143593 8.941073764090364 2
-4.690424097626769 0.8307588869311204 8.960828976428497 2
-5.249554438391273 4.357492836389754 8.706103434063774 2
-5.930306276756432 2.965667783822177 8.81791254080418 2
-7.347240441784215 0.48477954232863985 8.96173795081932 2
-4.428100149073505 2.885825546004204 8.733688027828235 2
-5.132189701704675 2.8754005851987907 8.938617788612529 2
-3.268088510045178 2.044610020614171 9.421705776205483 2
-4.80220430075664 1.119161451174167 8.386075007473046 2
-5.502199822087057 1.5408616567848852 8.949036331901308 2
-4.637130055494442 0.6901650883760526 8.724894683510119 2
-4.474405163464832 2.543613452295195 9.086521897070824 2
-5.176416392842942 3.2428969359447377 9.030731305648867 2
-5.565109058013739 1.6863911846157282 8.814655177396467 2
-4.452308170566881 2.85842795110416 9.036509623100642 2
-5.300978410704977 2.942556875708465 8.866538428304379 2
-4.759730176441884 2.6479597967762376 8.732246286197576 2
-3.8104933288683043 3.0104118557848403 8.77490983226902 2
-5.394643778937394 2.081837493398943 9.14131871975569 2
-5.771423829971129 2.8924047113455646 8.59056900428984 2
-5.708572702955379 3.1260087939495467 8.712809606994512 2
-5.660571054448782 3.8213412951699657 9.083164594596285 2
-5.773451580899064 2.4142549899049546 9.1935889758227 2
-3.12305920775506 3.387407950407852 8.594008536563559 2
-3.617297117829165 3.3626062393124103 8.899685942978616 2
-4.991857779003758 4.030013220899502 8.885717369624214 2
-4.064385353393873 1.356880386809463 8.76920556012994 2
-3.5436644423237142 1.455852390548341 9.106995361542927 2
-4.099471323042775 -0.6984836274956043 8.743235435046364 2
-4.822783922782025 2.066052938093573 8.684105249301975 2
-5.377880614461048 2.7108440922533252 8.607440562850753 2
-4.049334724245452 1.393093976180492 8.883070809829615 2
-4.957556498958529 2.660385064094746 8.697921951235102 2
-3.281693712973325 1.796755047786779 8.732290995669981 2
-5.127505941106075 3.5250699142784843 8.948651385039394 2
-3.743234297492723 1.2966608543767546 9.113079771845657 2
-6.171225349073085 2.609481976559514 8.518591200507068 2
-4.0736016336683685 2.1005675220564832 9.320021573562505 2
-4.508759344618024 1.8707177398046948 9.206970401369748 2
-6.578418971624978 3.8562040525010337 8.836415760450768 2
-3.520818566693171 2.6316486362031966 8.908580232845175 2
-5.857880965606909 1.7654461129326733 8.971895298562952 2
-5.049403913082223 2.989297507324702 8.877476449313926 2
-3.9414330314558432 0.45359746129517853 9.003031274448665 2
-5.950667617576176 2.2193761330532884 9.11825830430136 2
-4.8796018738815246 3.108355942672522 8.850948726705766 2
-4.136867045451762 1.1843951784277562 8.858486564585744 2
-3.927720835288407 3.8702462560988797 8.853918281985973 2
-5.118868446173429 2.106252725152941 9.319838328381975 2
-4.735871623784968 2.4625055738448265 9.053239978015043 2
-5.5558934868986 1.5184248575249772 8.7357495644864 2
-5.533187617122067 3.857686708939257 8.780454320540779 2
-6.086549502503028 2.3905883150854756 9.017012235229984 2
-5.597895322277346 3.013545138167445 8.440874337480478 2
-4.81430906219876 2.2889497824188205 9.043228155219634 2
-4.785420677540677 1.19455684254816 8.716721595578928 2
-3.9310796793272877 2.98971468907836 9.246481346246663 2
-4.349718558024136 2.4528120633621184 9.05312480781843 2
-7.240595818431627 0.07487103600270206 9.128369967865938 2
-4.665507937897568 0.9316095839967922 8.894117880197882 2
-4.918619145998563 0.7542259184591309 8.901804538150822 2
-3.9148110869484842 2.4188809738401904 8.745207528451601 2
-5.465186331288782 1.7670584305346526 9.05273991593321 2
-4.7710502583189625 2.9127393446659653 9.063699998812226 2
-4.608103287557858 3.608302535587945 8.787882188269805 2
-4.950411640273219 2.482846231247024 9.255442229100309 2
-4.583149531222434 1.1477499378723923 9.248523468957009 2
-4.594374920132147 1.9061169404190468 8.819615408813885 2
-4.603845863421265 -0.039944625171228765 8.683076903965098 2
-5.230688141093068 2.5712667931914566 9.176461652768998 2
-6.2202180152470055 2.6396020247476537 8.962349276723385 2
-6.352311028549291 2.9291035071958977 9.09176804329188 2
-3.3697957728015435 0.7415900915248272 9.012126848597566 2
-4.80243288007732 1.8869080766859732 8.834280901830125 2
-5.234650787134443 1.4882224043434933 8.40932688556437 2
-4.626810213651833 1.8105761754587295 9.141666562111846 2
-5.726941271305874 1.2724345363835896 9.286104652307094 2
-5.142240497576837 2.2411182054126777 9.219547047780136 2
-2.2176639375881577 2.7188861784393588 8.965293166038439 2
-6.170471175230697 3.0657260453685065 8.698403698619288 2
-4.234965835760125 2.906069104359167 8.9184031815672 2
-5.022017103406966 2.469856871798997 9.024371813690324 2
-5.369010044449802 1.0124131544450135 8.945885526697555 2
-4.330482284759687 2.4819713927059412 8.84195308156328 2
-4.638173490645995 2.562067427944313 8.964864818606777 2
-3.9309661953386477 1.9119803381314409 8.859299122827998 2
-5.608082522828 1.6944557494945713 9.006877538800849 2
-4.952994065865281 2.9675710663822343 8.720206325791372 2
-4.2991337968379995 2.10726552163716 9.256809324421884 2
-5.587294026324598 0.9971750877127639 8.989669376843215 2
-5.384381185001683 0.3781265593840053 9.227012335183796 2
-5.531327671968219 0.9666305625782554 8.526102355960468 2
-5.341613613856357 3.509802582961531 8.998277776399263 2
-4.426721953609114 1.1429752169074439 8.941519966373757 2
-5.735343647494071 2.1307915555092336 9.137733677646217 2
-6.640082885573631 1.0936602204911907 8.67138578449156 2
-5.018316147790195 1.620174098851258 9.265941616438935 2
-5.4900886458008715 2.182729926498896 9.024797273730437 2
-5.6377910233252875 3.133576397783001 9.15651721245477 2
-3.7467886985762053 2.8627069377757755 9.026321995142997 2
-5.649979727144453 2.720467541958759 8.990441961964683 2
-5.054014971719184 1.8321088877389133 8.838366320678709 2
-5.352377717923942 3.0219511125409255 9.065967594514287 2
-4.035234414629463 2.3603195988265293 8.743565326560027 2
-4.8966766176039265 2.3731711015371326 8.874877945676166 2
-3.715743638576413 2.0994023975137406 8.786412112913986 2
-4.167691034781047 1.837793005115199 9.143848513924278 2
-3.4954705915836817 3.3875265788571602 9.409169139353013 2
-4.974844643555848 2.5819172536866626 9.374148951550637 2
-5.88054220955196 2.2695419690746346 9.16538394396899 2
-5.7184982350060665 0.4715522035877078 9.228018828460883 2
-5.62463848355752 0.8752706447855034 8.886589815607493 2
-4.567643489439794 -0.5106489341350597 8.859885665213524 2
-2.664199324904909 2.7099090018478638 8.926873424488688 2
-4.1159908379429115 0.3784910951727485 9.290066935165276 2
-4.852395736213203 2.121503074118848 8.817651557729954 2
-5.604659038068591 2.632808373686394 8.828404114959525 2
-4.440842008390775 3.149261263621129 9.22097690414627 2
-4.221377437924721 3.499591115272966 8.694886489918492 2
-4.195399799585093 2.890203574094495 9.056560750959992 2
-6.01829645987796 2.54753106605076 9.029013767984075 2
-4.437385756785013 3.9231136885377005 8.716113695256782 2
-5.48367909591692 4.047414648062414 8.845305876234224 2
-5.790272390971651 1.4679295646562016 9.137275951559152 2
-6.018180717791399 2.0579684465907415 9.031017987493742 2
-3.5117502049127607 0.8039908677564802 8.702039276670256 2
-4.405010160343766 1.0397207665322434 8.97496036488814 2
-6.067196649616082 3.559365266255835 9.288084049516751 2
-3.3271991124276865 0.6814758618758756 9.178022458805335 2
-3.4648931241405903 0.8810952149564732 8.51732880023926 2
-4.7492087072522295 2.792321011206157 9.10145444114195 2
-6.3351290411893535 2.7124664853889255 8.698769403286695 2
-4.601660519796216 2.642905883780803 9.167865127505147 2
-2.1434296189582627 2.0872203508583014 8.791385103943453 2
-4.5163087573155805 0.5941997245097874 8.762959070844575 2
-4.728512045456176 2.6357520112646595 8.890100274001616 2
-4.041844182334328 2.8059263951257303 9.154619777458509 2
-6.154359425196107 1.8557710232462192 9.082038497840303 2
-4.534977082755661 1.5386894728315694 9.053939477357487 2
-5.4101165029021745 2.8123963487024186 8.82044459177237 2
-3.857590603164118 1.1264192046967438 8.842307592352565 2
-4.515404383949818 3.261977836510286 8.475353052440987 2
-5.806844211151669 0.24374135594481583 9.222099561672325 2
-4.431430800033612 0.5461043632602383 9.216657108088535 2
-5.064566589946247 2.883279308294349 8.765957350825287 2
-5.927778709299153 2.9516257847361107 9.03159858646604 2
-4.8714375310599705 1.2164153916398415 8.787907411081921 2
-4.748920981711519 2.0818024340288033 8.924108705207368 2
-4.900808337286282 1.3528288731119207 8.950628383567217 2
-5.754378729636952 2.8820454541637677 9.532975329145424 2
-5.994428652580951 4.978063365420571 9.127535151387297 2
-3.855489457905619 3.600048574790076 8.592164647505731 2
-3.9530329374463005 3.0250733876198925 9.064893277858346 2
-5.469489957432211 1.9925950190374306 9.122404586364611 2
-5.157816299748773 3.674481794566334 8.707246594941596 2
-5.6788647380278725 0.8917055994366843 9.30331336745359 2
-4.856496312987256 1.512868307464657 8.4971138717032 2
