3.706661997068993 -13.51789515536539 0
-2.434630776675249 -9.800852317530012 0
2.9567477074827035 -10.960459679690855 0
2.753286745372921 -13.196117713050105 0
-0.008270105076888967 -9.875732959620928 0
-1.3085740688566538 -9.388750041644348 0
3.0280905341123767 -8.502945600772158 0
2.4976515334899476 -8.906675419347383 0
0.7357850532762695 -7.512746401384516 0
2.665700261020874 -7.380271924008903 0
-1.3228616080302125 -11.516274522837314 0
6.11454474368853 -9.285960671197348 0
1.06717590504844 -7.319575021636428 0
1.6157152838654054 -7.152900350872394 0
-0.6692827827319667 -8.076072324855689 0
3.4221467749858197 -10.763958587962808 0
2.883228695347861 -7.862859438221976 0
4.003983580840182 -6.850588490593098 0
1.4895421292066264 -10.7032478617338 0
0.5976798511691404 -7.472299553166453 0
6.109544784163917 -10.239670691374203 0
-1.8718196682134867 -10.549378663532057 0
4.058630084626252 -9.98152188725757 0
4.55730490806338 -7.251684031801608 0
3.363008185579011 -13.64859953887716 0
3.4236216224175453 -12.801416312428993 0
4.6770689436684485 -7.15032028340611 0
6.067240816961598 -9.025878373973082 0
2.732215542769099 -8.116369252634348 0
2.6539681855270754 -11.745411518907844 0
4.856326402012096 -7.7010012419228 0
4.735215624973371 -4.078936357814522 0
6.274877580449315 -8.20295580383858 0
4.346638575919558 -11.420760371175183 0
6.154912019682948 -10.970583300566949 0
4.496496120199595 -7.870237074501921 0
2.906390851959628 -12.59817667441976 0
1.9226301311125173 -9.72910948597931 0
3.0457752856395683 -10.974257071613017 0
0.5631776634366585 -10.709643110856574 0
3.3876786804280674 -8.18926559719558 0
2.0365906189599654 -7.871755129228855 0
3.0983539521169288 -6.599564896193343 0
-0.5115966249777766 -6.045805713885075 0
1.662085465458973 -9.92285512653937 0
2.8581516713506976 -10.220675813842867 0
4.8067113561141595 -8.14750821482571 0
9.294215912541397 -9.089192126891582 0
3.99205287451853 -7.414243421183425 0
1.3953133088697312 -8.474627163170235 0
2.829446406819052 -8.727206230540206 0
-1.4193136045742722 -8.349795583759027 0
-0.24176478471388885 -11.321638031841987 0
5.518834339657392 -11.052796076732418 0
4.9806545123838015 -3.7066231966639833 0
3.748651298273208 -9.361599952281793 0
8.05524872597258 -10.262461923815495 0
3.12610872518057 -6.29282973118997 0
2.541955455144903 -11.106544104850194 0
-2.41246162245001 -9.060289772188106 0
-6.585053389419578 8.770311765867094 1
-9.879501266836877 12.01589884895336 1
-6.383501450461964 7.951643280978937 1
-10.405905440808318 10.506003476890708 1
-3.737775087048279 10.270893000747208 1
-6.882822137170584 11.302650189871752 1
-9.51628571471253 12.642969944667694 1
-5.040101864741717 7.698214969266661 1
-1.9521928434723943 7.231056484788807 1
-7.487210141058025 11.867750757451155 1
-4.383254889392566 9.087359236782785 1
-6.340328677773403 11.364054254076509 1
-5.406006677393183 11.780666890585568 1
-5.132359386278304 11.543866175429937 1
-7.135853297534613 10.537889141966492 1
-5.139915852595483 12.818035858953248 1
-5.682879726467131 8.800767070463456 1
-7.7235963736682915 12.181446351809608 1
-3.5583064574507466 6.3315681298610045 1
-7.279483929022329 13.615371484617299 1
-8.586362040473784 12.390395009099121 1
-6.857328344660659 7.367718723764777 1
-6.0332934352981225 8.937343344811861 1
-6.333557044071475 11.546790518590782 1
-4.1169866452942685 9.893315635086145 1
-9.459208846443818 7.687455491909809 1
-6.377359235039518 12.807433857067641 1
-1.3685439375763906 9.602816949454112 1
-7.09220536162461 9.086175418818318 1
-6.8214742002522275 7.592418053921499 1
-6.7060096015477315 10.01029888845183 1
-4.395557898538791 8.945308892464569 1
-6.045847986990314 11.411835825388426 1
-5.562273946156633 6.637033250675616 1
-9.307752166187914 9.239174023011499 1
-5.88386843191556 10.091402710574108 1
-8.115260563650873 9.503234463790749 1
-7.962294497358193 9.815905385034487 1
-4.275389853062962 11.29362869712155 1
-11.719978494636319 9.104116622112539 1
-3.5153956997537517 4.506301940133402 1
-2.7171427153666805 7.417294772303926 1
-6.077712375375299 10.528930758725515 1
-3.2596733968259675 10.285978195720496 1
-3.519972002455674 8.148735014470757 1
-2.027290000150555 6.848872509753304 1
-7.211929540582325 9.763831242388168 1
-5.886873753365013 9.590151109885946 1
-9.784773564849353 8.102942293699556 1
-5.923961732443054 11.30866557838673 1
-5.633491706418378 10.860681730386656 1
-13.492298034531043 7.440712116337311 1
-1.307147912552744 8.72280032887057 1
-5.330375613434572 10.599249601814847 1
-11.215021271574699 8.94667400827752 1
-5.705039829700807 6.488906558969456 1
-8.178249267859668 6.30694511876829 1
-8.175522806513339 9.359034610083818 1
-2.177793237754478 12.243450188895139 1
-4.512591302677483 9.807909330217997 1
-1.4354794138539315 0.11491383026076818 2
-11.276601599728435 0.7991212628863162 2
-8.504277122007238 6.328563424027111 2
-3.1606362566303137 1.0057078647233744 2
-9.826207733636664 -5.40305826286461 2
-5.506963490329346 -1.4075157152975715 2
-8.123664096383907 -3.944580006971321 2
-10.544594101207132 -3.7269472462067093 2
-7.50491586287033 -1.2256628968030963 2
-3.9017397880389217 3.4687015391746483 2
-3.7080526933329114 -3.2262548096177657 2
-8.835070781736812 -4.661352910479617 2
-3.907215210295304 -0.09887066440658243 2
-10.221478658613309 -3.736378993390767 2
-11.203495380956024 -6.72580027519665 2
-5.86402033739414 5.036265940851101 2
-10.757931432555154 -1.0315410763707347 2
-10.428022646105557 2.802355943785229 2
-1.0073552203952154 -1.423529771593845 2
-8.187044330231465 -7.2850820275549575 2
-9.035415036632543 -2.181544230273968 2
-8.921295667839068 -3.616949221773731 2
-3.9823978764437724 -3.066755507206049 2
-5.02743999817108 -3.0329830486898706 2
-11.66917352478731 1.21757666304909 2
-5.802047825772895 -3.4745770611307796 2
-2.8275741239545447 -2.7344334203333536 2
-6.574897145541847 4.25900703365203 2
-4.4495089783693 4.787027028675505 2
-4.023091764918177 -5.565029472382513 2
-5.306959924771528 -6.7734443030702245 2
-4.392885634517105 2.2176758847518396 2
-6.173600709233763 0.2671470792427919 2
-3.3883206530812986 -7.531824454496447 2
-12.306588178955568 -5.813044318640561 2
-9.645859807644506 -2.7425211893079453 2
-6.906297540212859 3.8998084696428483 2
-4.834872336653544 -2.3447378372407273 2
-7.291719352563931 -3.4668942994092786 2
-8.888801024561532 5.88432971934929 2
-7.813200105153 -4.488699675320489 2
-11.120466758622266 1.1158452812338773 2
-2.702265701713354 -1.1912606183094456 2
-5.534451362756606 -5.5756399423490235 2
-6.0308560024550175 -1.937391265399134 2
-10.407131033994457 -0.23393434486695663 2
-5.930440999277648 0.045606553299940567 2
-7.690120196783048 3.6346234248786073 2
-6.524641746117127 1.351610951270049 2
-9.670424476655954 -9.446147449484625 2
-2.953519058297667 -2.0199175326882144 2
-10.662523224127852 7.071293885651867 2
-11.968031052377288 -5.586602702887417 2
-7.1187900751100415 0.4036167345400976 2
-8.099542703313334 -4.646372189750028 2
-5.8774608073645735 -4.943376804047319 2
-11.571493507154894 -1.5385127940897068 2
-10.812847567212023 -6.579330746373395 2
-4.694334352197115 -2.7020912974902096 2
-6.974458747435478 -2.3633649823971883 2
