-7.378273124449718 3.248568796764798 0
-4.035493530905116 4.932132251136153 0
-8.476226573701672 4.057176476473407 0
-3.6659053452514443 2.894330523359495 0
-7.012613229142897 2.2466859703352577 0
-7.046346902392256 2.914701911400678 0
-4.99311006969856 -0.6136627201444362 0
-8.54102858530075 3.327349527841051 0
-2.6538419193925566 3.3854594414413133 0
-8.300226462452999 2.3524227078730937 0
-1.9148381547787352 1.7764495146419779 0
-4.789999351116992 3.2146519755901974 0
-5.75805679225966 3.8070672809207933 0
-3.5944865740423135 2.683466548560594 0
-6.6967798842528135 2.22602675695166 0
-8.238254257494264 0.9449460758605324 0
-2.337536335912226 1.3874458906986402 0
-3.7612654653000703 4.07186923570929 0
-2.290001625848528 1.755185182466572 0
-8.916976400412619 0.8686985525052673 0
-4.578608048629306 3.200646766590281 0
-6.337529686749057 4.232716473344235 0
-6.882552147746322 0.307119920892458 0
-2.9455944653980057 3.6725975263448 0
-6.987922679562221 3.1539318635541402 0
-2.0779693199353284 -0.5460645426016004 0
-5.914773270719521 0.36840577938092656 0
-1.472899523513532 0.9325705455100903 0
-9.136722260411844 1.104629007663472 0
-5.550300145064171 1.044779867115694 0
-11.551326298441637 2.328247725012595 0
-5.51198293757394 1.6567258181768167 0
-2.6238430311600345 3.2183944160476745 0
-7.369520230604246 2.499951507490136 0
-4.910787825580791 2.092048907289556 0
-5.961244876211849 2.527300856330396 0
-10.068165423035671 0.7531387615450287 0
-9.21340391504139 2.283848886651065 0
-4.8550793025684165 1.2229903616728097 0
-4.977583860421369 2.8603081597794056 0
-11.034610368635889 3.2877629805953386 0
-8.867560870830022 3.7998371245391525 0
-5.712542187558614 3.7343279578461206 0
-7.076602863255848 -0.18921723289216175 0
-3.5599296184947247 2.915272376967941 0
-6.938032396403655 0.47814927918303307 0
-6.596698004369947 2.4487228553335787 0
-3.487263386942377 4.765989005703959 0
-5.186365372865127 1.0404624478549327 0
-5.361828381363708 1.1079926862840432 0
-6.326689834993571 4.568259093108521 0
-4.316739163732985 4.2277243984801025 0
-10.361924727288171 2.044726527238197 0
-4.431584043804088 -0.10514102304066597 0
-3.324841946735601 2.3478858200722197 0
-7.578534148354852 1.966125876874009 0
-5.94130672066695 2.4257210949950743 0
-10.550571552362417 2.4070674738132376 0
-3.9168163852750877 4.347107343773935 0
-6.357249406744095 2.2433729123520836 0
2.4758651872042465 3.9125682561570603 1
1.8277572346699769 1.518609211069296 1
2.790150579341064 1.6761569797967266 1
2.8380968431226856 3.0256728448958943 1
3.1995305982889968 1.7072153970250232 1
2.8037754620277533 0.815723654314304 1
3.9144384372359355 3.275163400591477 1
2.454882851857419 2.5625819614183367 1
2.625012220522105 1.82928334139101 1
2.880782248318698 0.11421673266578614 1
2.231722026204036 3.4250344338260836 1
2.0694979978022285 3.601773182175696 1
2.2432963516599305 1.7249508866000856 1
3.5949447573979247 2.1353395649489446 1
2.948785285034133 1.4145819121155259 1
3.0657502998393733 2.3742637766001042 1
3.7332581141884766 1.812894499658872 1
3.1256152635416155 0.5193769374334356 1
2.694503480223935 3.518218611226297 1
2.036158076410868 0.4179132841546793 1
3.008587771790223 1.4709619120646495 1
2.0013000961024057 1.1347379077237048 1
3.210303800612465 1.262530694488626 1
2.337817695852426 2.4052177135261146 1
2.4682524706641074 4.170714814556627 1
2.3306843023526547 1.9979290379916876 1
2.014496146761421 2.5620882597386854 1
3.068754356804294 1.5280737658202521 1
2.606143255420334 1.4121781859591642 1
2.635197647834615 3.3196983485589593 1
2.2264377878097497 4.04028204918205 1
2.729523102382843 1.68589154192746 1
3.4351270046813456 3.006449070093097 1
3.431659366575066 0.7427205515664077 1
2.7732161878139703 2.2013870537332316 1
2.9796930274192834 1.040588775005527 1
3.276711324072239 2.471615404591575 1
3.0522030404923504 2.975062571398226 1
2.772004969771069 1.5654434202884333 1
2.838503405956701 1.8856492861890248 1
3.5791653177145655 3.2148199011935263 1
2.3607489960879677 1.6496751276726744 1
3.41144768583693 1.2316940356769412 1
3.11563615465285 3.4940359902876605 1
3.069323240020759 3.098255359594218 1
3.9025350291004592 3.9547018507053115 1
3.7546403704414537 2.1822864862691604 1
3.3447160314886553 1.693845811772758 1
2.7735860705912923 3.3384126980836886 1
3.249844355388553 1.6053148965362438 1
3.468915473642442 2.0909596546989375 1
2.3286948109779173 1.654288903880126 1
2.638009009923148 1.4858386255861018 1
2.4131431220142114 1.877191213687643 1
2.9649064122104565 3.561424610821211 1
3.305330027710246 2.3363286280153 1
3.341498921854216 2.417114552047928 1
2.269973739515854 2.7614770479048865 1
3.2116881805284394 2.3014331297601673 1
2.422367767093061 3.4863872529385813 1
0.8994979074296694 -4.55395630065356 2
-4.108997151509005 -6.076883032769364 2
-2.538121662635763 -6.582572448648549 2
-7.495406594797249 -4.127807073822728 2
-12.232082785618553 -5.368152515647486 2
0.43509302678609973 -3.6915306872150575 2
-7.562637342734855 -4.77823716266973 2
-10.615980550320721 -4.587916624024375 2
-3.060500922926991 -5.192889648281403 2
-4.606019593169146 -6.541098513430809 2
-3.0419208335636534 -4.785746421414892 2
-6.4345730052120675 -6.105751877249478 2
-1.1546406274037286 -5.43688082931096 2
-12.17975783239175 -4.325919211232428 2
-0.749861874974052 -5.473983955375799 2
-1.7750038161861799 -6.867214572688889 2
-5.684923982329691 -6.678064768389697 2
-5.375852986826229 -5.541189770423042 2
-1.5895914127966289 -5.582179011307519 2
-4.020416474633986 -8.128668586986343 2
0.07916052606346202 -6.351932527642003 2
-4.230503707552579 -6.046250510048463 2
-7.644791761503771 -6.2242357682996605 2
-6.636898967447893 -5.049268356025411 2
-5.1348851646194085 -5.092743966006371 2
-9.992910740571983 -5.59352106378621 2
-1.0366904388318248 -6.8066262536707836 2
-4.558458697049658 -6.284455455289547 2
-3.2076993106661265 -2.941755421345185 2
-2.8528336880410317 -5.762340559780315 2
-2.10416600423521 -6.651192084413374 2
-9.460180566881585 -8.078534650455131 2
-9.008276610671224 -5.617380862594692 2
-7.87721400072561 -4.0771372057098265 2
-5.322634725302188 -4.092425031446265 2
-0.6128869256148999 -6.107957824972459 2
0.32683968891618687 -5.890401300665698 2
-1.3729648996509463 -2.8382631678469536 2
-4.282137456213553 -7.902590196473026 2
-2.0859004253250917 -5.44015516282703 2
-0.7961657220784581 -5.632054403614716 2
-3.4258722420180368 -2.992960647614567 2
-5.700337603649492 -4.878206177512289 2
-1.3662508697758309 -5.598438625899787 2
-5.443483816856676 -6.490006402641145 2
-5.767514611137667 -4.7761930171037585 2
-6.850639773722815 -5.894592332852442 2
3.311774301302629 -5.601330348846787 2
-5.106531881847772 -4.13467202792366 2
-1.2318393475051432 -7.329550013284812 2
-10.2152653287867 -7.564705875873093 2
-4.04539275009902 -6.339434333958099 2
-5.6004325849528325 -4.743381572566636 2
-3.5615265822984865 -5.6649580163524575 2
-7.2112101238316715 -4.15818230655621 2
-3.504572226579439 -6.394171560898336 2
-2.557184914373841 -5.2761544665640745 2
-1.0004360133191943 -6.7611929107186794 2
-3.4435712104798335 -4.193616197015639 2
-14.39100979255101 -5.412792922664396 2
