7.162785096486756 7.8909692992251825 0
3.8592884747898477 12.421997358344704 0
5.5210173168104815 4.787920704772279 0
3.9231711588753075 3.125644939130844 0
2.5988936998786483 2.5454932726094186 0
7.41053342570887 3.066061401573658 0
3.8011458513561185 3.196430505439685 0
3.93885737446608 -1.9724488806392344 0
4.791220576760829 3.2732968190360134 0
11.228027722851046 1.145452686071069 0
4.269888296344862 10.300131708238581 0
2.6128598041066846 1.0116882228394823 0
6.319305141451989 4.461056269021965 0
6.060809490637047 4.1444676490161765 0
8.479971789639276 3.7037673225372276 0
5.022550094341249 2.891063847895571 0
4.9187714291567275 4.826260825179327 0
7.6462846099460045 1.2183964660279356 0
7.117799874629309 3.1981230666856812 0
-1.7353718965927447 0.7508329833760756 0
6.2745328855672025 7.609438739869173 0
5.430628575623212 -0.9866103258734942 0
5.937339228701995 9.563483907918584 0
5.433772667960317 8.151518553302884 0
7.58296483550464 9.401222084941537 0
6.893356874139412 10.90536677905354 0
8.415072454193112 7.0238554748476645 0
8.68764634707197 -2.068370039600005 0
6.194460190896805 4.328693050307218 0
5.008222824240916 7.299831470644042 0
7.661089732955791 3.3239008701554487 0
2.427530891299521 3.709398047933739 0
10.243342259500274 9.474797272948852 0
4.3154380758456785 3.1760867600568092 0
6.34699463132229 6.69374240146576 0
2.2632567454059402 5.8740792144413225 0
2.9901710353147997 0.769813544303374 0
11.29464963258502 -2.3669562273378686 0
6.335932752174525 6.44418089839318 0
7.467736969908644 1.9897368945217377 0
3.605535740288566 0.8948323166687331 0
4.276776028582089 5.638544630514711 0
-0.4038445057788467 11.193063289378498 0
7.354333181488903 3.4793846614888047 0
7.4083843529453794 3.442522777364319 0
8.644228896852246 6.62856095829156 0
4.882545720513042 9.922508525992328 0
5.199291771070442 4.126206939905572 0
3.5818378734037113 1.9101503134045608 0
6.023110276879721 4.502497602406239 0
4.314574797779358 3.88311388470153 0
0.6797928451726234 3.2650446479343023 0
8.968564509583384 9.649613435268176 0
1.2822984119474814 4.971743536655573 0
5.674862945955564 2.5207351831073987 0
4.759751997784765 5.716577961930556 0
1.221190444576151 7.108629864520526 0
2.728301766435807 8.649382006431777 0
3.0586437746992035 4.322757105615875 0
6.4288571799331296 8.258498950188049 0
7.211279294063567 -7.66741080974879 1
11.888450428602585 -5.196810998279089 1
6.100023739929634 -8.056339720534284 1
5.708761234214059 -6.997980060880613 1
3.5494944126853274 -5.988207179676333 1
1.457060275875282 -5.087330260528207 1
2.134138128466246 -5.481942187132183 1
8.81591510972761 -7.7631017970575895 1
9.287221522353725 -10.056283238521313 1
5.417527823252186 -4.986987402764913 1
4.891370713015948 -5.9618754319067975 1
3.3394396307944665 -2.6246634851890485 1
5.591441258160448 -6.876902693730189 1
8.715694280599353 -7.472493833398711 1
-0.18184360260778742 -8.441650287445215 1
3.908087266575594 -4.504202701887362 1
2.415016690332464 -4.761314094947343 1
2.3144209708577925 -2.8867473438018805 1
13.434899664907899 -6.031946580817362 1
-0.5969405004801738 -5.7107245747950195 1
-0.20288072081747277 -5.273644996384034 1
6.868486133929112 -8.222827516363916 1
0.9977984455750599 -6.291535954815595 1
4.473786592700264 -8.450526972502376 1
10.977005438089552 -5.194702549820393 1
5.199355590018065 -3.3582455094724395 1
4.703463165364154 -4.352762001108506 1
2.0522359793702836 -4.026092703735193 1
3.3673706022715546 -5.223215087919188 1
2.5158117177432704 -4.868446310422225 1
8.265491698366379 -3.534084238732656 1
6.935335848533343 -2.928412398105953 1
6.1217613089855885 -3.1673642961323187 1
0.9831139275006171 -7.909737597366689 1
3.656994629542048 -3.5017984716484953 1
6.882603529969408 -3.087270323780416 1
7.885751737543394 -10.374946563207576 1
2.767812074411905 -5.498097042160272 1
7.14907246675971 -5.141419873235113 1
7.041828902436409 -6.709498909652854 1
9.958913663360347 -6.515066573352388 1
3.9328248936401264 -5.359693458878543 1
3.6610434071942795 -5.691394170096261 1
2.663269415024931 -3.0916882276853332 1
-0.46814130342314453 -5.842103467247011 1
-1.008066245595809 -6.097430112565869 1
5.811008804786748 -5.430186028742257 1
7.2117186433083855 -6.664620303296166 1
3.910204021204362 -6.930732946721521 1
3.845798580282829 -8.098162612089869 1
7.324927031147942 -4.638447869294952 1
2.1575137483112212 -2.896431670209356 1
12.848210378348707 -4.807783068044667 1
4.264978669361253 -3.289711521086374 1
8.68064640632578 -4.170059815032853 1
2.4418489344948355 -6.713196321587722 1
3.9836005424542833 -3.009894051472626 1
4.591010954045674 -5.7766020698990515 1
1.4418448711021528 -5.349210902254132 1
7.675042980007306 -7.3423880469438 1
-5.902756786907299 1.4882535351490738 2
-8.66534477855133 2.5523252923516795 2
-5.91995350150034 2.7218291005713926 2
-4.680800241763964 0.09674385057168089 2
-9.105017038674971 3.642575778146501 2
-7.332589781466339 -1.587988928866792 2
-5.273743606342621 4.969015697089686 2
-10.10828928124601 -2.8238708206205105 2
-4.927574640889237 1.1270509293020994 2
-4.422819405698217 4.224346692005718 2
-6.143054617700961 0.7327129519081308 2
-5.977838713464704 -0.9228994856259303 2
-6.556142341149783 5.3635726422673695 2
-9.94351771163868 3.765305456220078 2
-6.322762296472073 7.27422943844839 2
-8.64193546201776 -1.4124900849087245 2
-5.58201421450746 2.395053104679268 2
-5.14560748380797 0.2575950641061089 2
-7.779308195291798 -2.8778521947250146 2
-7.218216018912912 -1.2322755866891764 2
-5.928244800746343 3.4851114756688344 2
-6.650793596404966 -0.9470959424014578 2
-3.448470516493373 0.9184104445902871 2
-8.145936260877601 0.8193056726093152 2
-12.36065159487437 1.6779203485042031 2
-3.431601907127512 1.7751696523233726 2
-6.673980560519551 -3.2393937419877306 2
-5.523435228803976 -0.6371255002368996 2
-10.166909062594877 6.639599681530155 2
-6.5156114614521154 2.3378263250028066 2
-9.751132027126985 0.3081007563034339 2
-8.69382877830346 -0.8891674118138879 2
-6.174859355446426 1.334099683941822 2
-8.661292121742806 1.4748573571692611 2
-5.723417726035889 0.9893439618118561 2
-6.058652808107324 2.4146132560590443 2
-4.5884457942589165 1.7123793773651013 2
-4.3623407150921825 -1.8730542379501243 2
-7.450873036107949 0.5239469282981342 2
-5.527003977948845 0.9710805101628992 2
-9.444389001913235 1.7962284830523738 2
-2.8343286807949197 1.5193722146862112 2
-8.065280973984295 -0.1695197919512319 2
-7.342644106063926 2.093374248874814 2
-8.470255340712027 5.85069392929664 2
-7.26677960040386 3.518937434416938 2
-7.709944082429214 1.584606583591286 2
-4.213359059423025 0.6483875792843361 2
-7.023571650684965 3.5304855706982035 2
-7.34573359913465 1.5415376681916357 2
-10.009764513750778 5.3496657962761045 2
-5.742900855896374 3.896965564344756 2
-3.7745546556378726 3.139952220620419 2
-7.009648551118559 7.841381274997526 2
-7.020316963926199 6.17894371656955 2
-8.015174730834701 4.766050211964974 2
-5.516208497113866 4.695887074213869 2
-4.600751667296521 4.82737547029988 2
-7.019897214275643 2.3553839131406202 2
-6.511028567914815 2.945751186396203 2
