-4.9104926861693095 -6.362513838829938 0
-1.8293701325564826 -8.045999480299605 0
-5.019092330712494 -7.333340046814665 0
-2.2933950019801035 -8.304836376829588 0
-4.690636756598402 -9.427348874241199 0
-4.4508068616856935 -6.820818603259752 0
-3.156851005608754 -4.855529619823296 0
-3.051776121800904 -7.386705070097477 0
-7.477418766563667 -7.464597042606185 0
-5.206147952905615 -7.947922630559462 0
-6.981804534639959 0.2671870247042914 1
-2.9259933009028467 -1.1462698575977481 1
-5.395933805996303 0.2992911554811462 1
-4.152753774396228 0.7821718793075204 1
-4.170027688191778 -0.15442147839099374 1
-6.360726316651262 -0.6244250787397123 1
-4.008803323323034 0.5679946137307829 1
-5.029285147235263 0.3248197329727862 1
-3.6819143598897774 -0.301318608374679 1
-7.098739593997788 0.03419388283574845 1
-6.697702162086882 0.45063595100993376 1
-9.273761902616254 -0.19936429476357587 1
-9.00886804568378 -0.1762334861192258 1
-4.101769215554306 0.5165230076770811 1
-5.931681789084312 0.44872553479616806 1
-8.374610345017185 -0.21797698324867676 1
-6.28775526655736 0.40248779030895615 1
-3.1854968809954576 0.7034726816256442 1
-7.207306379610734 0.4894851282635696 1
-1.444572565336303 0.15721017286585337 1
-2.55089418402523 0.8374426581980534 1
-0.5870657738584866 1.1260868259925971 1
-2.759327688865307 -0.2967925850683911 1
-9.481112140210158 0.5128634556043742 1
-4.124122310390649 -0.11788570646384994 1
-7.06314725846301 0.11129804893160739 1
-7.452647971204547 0.388122745114465 1
-1.370646694135674 0.8261050047176587 1
-7.248184625949913 0.22290097290132443 1
-6.691744359273553 -0.3277084828791422 1
4.7913228660443465 8.001149860948535 2
3.4368039875138945 7.797934057167562 2
1.4116795502962582 7.917244726238373 2
1.2949945120625799 8.654106995868982 2
-1.0022179821596762 9.691640368502386 2
2.8078385151499514 6.256112224837514 2
3.1596051148530404 8.263128465176502 2
10.476798366416382 8.524401412648325 2
13.172421127159131 10.372033684820666 2
1.6425962543581005 6.948427537316939 2
1.4589727719130519 5.188911679916614 2
-0.04771683821977524 5.2590838690471475 2
6.127173633854211 9.80807032287188 2
2.939946476859439 7.168240522637425 2
9.33701046053832 7.438821680650794 2
-1.1137900966444656 8.141360160362522 2
4.96039236930751 8.641957002956953 2
4.841455614582995 7.191941056041353 2
0.003356134937080313 9.918295643441045 2
9.048473886360323 9.711538887603453 2
-2.5930998596765713 7.169581988679048 2
1.794565177539129 7.654660337151092 2
2.1759126031645 4.54307227762997 2
2.69244238419496 10.720222190033677 2
-2.6169802557531785 9.246429527270044 2
-4.12261378372608 6.706064303675932 2
7.630340000375784 4.65311921711144 2
4.021245744365207 12.508726451853104 2
7.432888087335941 7.07255124287149 2
-6.447415997941345 4.307856084055216 2
2.6465607058513605 7.390090348786356 2
7.2272527089306955 12.138082644626738 2
1.9524037691425284 7.932129500111591 2
8.249234273191185 9.536415617224929 2
4.237329985010032 6.867900112073899 2
7.1340872911437305 11.556449539581962 2
-2.3239147614560087 8.110009884833387 2
8.726596403559833 8.404461626789326 2
9.157120942151835 9.314616917458125 2
-0.046239873311252566 12.098036774288756 2
7.064016905350705 7.3591599389316515 2
4.049315434314605 4.52990506381177 2
-0.4043030725090553 8.123959530157846 2
-4.229335006957184 12.000242334831764 2
7.022955950246045 9.531889598698559 2
3.851535643414132 7.763453289724555 2
2.875560758759434 7.399528791031116 2
-0.9498749108163587 3.949060430060621 2
-3.0074810458525665 9.300206245766134 2
5.101472240140606 10.324462407931346 2
-2.5536678070414514 8.261158802818503 2
-1.4366647177053578 8.325126614377908 2
6.6169793852202545 10.865046849629719 2
5.227542522623933 6.667310389757633 2
9.439531936303974 6.638638791558185 2
-0.8838740870428472 6.065496552696828 2
5.9822984130009225 7.114985602742088 2
4.247117447675367 6.5474713735819385 2
-4.401647366994676 6.94250001160401 2
10.22334432910311 6.16640744412037 2
3.774591836159785 9.157645927003953 2
5.301851076756863 8.414536397902316 2
2.8295234172832355 8.278582938536765 2
7.292723839102591 9.3627201917723 2
2.06643662089496 9.752124708739746 2
6.5586767424169965 7.761817265458526 2
-4.029429684519087 7.409580581570472 2
-2.9778381712850557 7.4059779682472096 2
-4.79539244595693 8.087841439663654 2
8.23726024113095 7.606761560291634 2
4.326673803272144 5.998264896524912 2
1.2248399758861015 5.018550426505323 2
-2.7888780319340576 2.678788728837124 2
-2.2665721651891797 10.60856867320296 2
8.392504342085836 11.976287088628272 2
3.279607901221963 7.313675484576097 2
2.6647311431959486 5.374070478107155 2
8.163070690388448 5.549069009587707 2
5.77969573405118 8.343748485481822 2
3.2542097132978545 9.22173824727322 2
0.21417466450109357 6.336334956925177 2
4.023734200766144 9.33353370610297 2
3.3416184955747026 7.508945492350008 2
3.90622994598718 8.343154236367184 2
1.371028948707588 8.17967721359471 2
3.4906495747948925 8.770381078833571 2
5.089689561938052 6.148431790266887 2
-3.2923142163930548 11.252743540351041 2
0.8845519966434638 6.396083705289757 2
-4.771863298507556 9.769582473740938 2
6.044004057872629 11.043003144799156 2
-0.8886766150317635 9.280265831179348 2
2.3563394360020355 5.497159266473708 2
0.2200462212490506 8.270246663084123 2
5.168615826178 6.541935061003087 2
0.4081106286587639 7.152896031535573 2
-0.2769989749645214 4.049724895920882 2
3.192024055670223 7.157208305508839 2
1.8651646875987045 6.287832261929883 2
4.453566673588018 6.943682709611838 2
